checkmark
BEGIN
52,311
60,321
66,328
69,330
73,333
77,335
81,337
85,338
92,338
98,337
105,335
112,331
124,322
136,312
148,298
160,284
186,250
215,213
248,173
281,137
301,117
309,108
END
checkmark
BEGIN
117,285
128,293
135,297
142,301
145,303
148,304
152,304
156,304
162,302
167,299
173,295
178,289
187,279
194,267
203,254
210,240
224,210
241,178
262,141
288,101
311,67
324,46
330,37
END
checkmark
BEGIN
40,160
43,149
47,132
50,120
55,100
60,80
70,90
80,100
90,110
100,120
110,130
120,140
130,150
140,160
150,170
160,180
170,190
180,200
190,210
200,220
210,230
220,240
230,250
END
s
BEGIN
110,180
100,180
90,175
80,168
75,162
63,145
60,130
59,115
65,100
80,95
100,90
110,87
120,80
127,70
130,57
130,47
125,35
110,27
100,25
90,23
85,22
80,22
70,22
END
s
BEGIN
77,196
67,195
58,188
50,179
46,173
37,154
37,138
38,123
47,110
62,107
83,106
93,105
104,100
113,91
118,79
120,69
117,56
104,46
94,42
85,38
80,36
75,36
65,34
END
s
BEGIN
140,158
130,160
119,157
108,152
102,147
87,132
82,118
78,103
81,87
95,80
114,71
123,67
132,58
137,47
138,34
136,24
129,13
113,7
103,7
93,7
88,7
83,8
73,10
END
s
BEGIN
125,170
115,171
105,166
94,160
89,155
75,139
71,124
69,109
73,94
88,88
107,81
117,77
127,69
133,59
134,45
134,35
128,24
112,17
102,16
92,15
87,15
82,15
72,16
END
s
BEGIN
110,200
100,190
90,185
80,175
75,162
63,145
60,130
59,115
65,100
80,95
100,90
110,87
120,80
127,70
130,57
130,47
125,35
110,23
100,19
90,14
85,12
80,10
70,8
END
s
BEGIN
94,189
84,188
74,182
65,174
61,168
50,150
48,135
49,120
56,105
71,102
92,98
102,96
113,90
120,81
125,68
125,58
121,46
107,36
97,34
88,31
83,29
78,29
68,28
END