arc
BEGIN
65,369
57,355
54,348
52,341
50,337
49,333
48,329
48,325
47,321
46,316
45,311
45,307
45,300
45,293
45,287
46,281
46,275
48,269
48,263
50,257
52,252
54,247
57,237
61,228
64,223
66,218
69,213
73,209
80,198
89,189
99,178
116,163
135,149
153,137
162,133
172,129
180,125
190,122
207,117
215,115
223,113
230,112
238,111
245,110
252,110
259,110
265,110
271,111
277,112
283,113
288,113
294,115
300,117
308,118
316,121
324,124
334,127
344,131
352,136
360,140
366,143
367,144
END
BEGIN
103,377
96,366
92,361
88,354
84,349
80,342
76,337
74,330
72,324
70,321
69,317
68,311
67,305
66,299
65,293
65,286
64,280
64,273
64,267
64,261
64,254
65,249
66,243
66,237
67,233
68,227
69,222
71,217
72,213
74,208
76,203
81,192
86,181
92,169
104,152
116,135
128,121
140,110
145,106
152,102
157,99
164,96
169,93
175,91
183,88
191,85
200,82
209,78
220,75
232,72
237,71
243,69
248,69
254,68
260,67
264,66
270,65
275,65
279,65
283,65
289,64
290,64
END
BEGIN
66,107
64,120
64,129
64,133
63,138
63,143
63,148
63,155
63,161
63,171
63,175
64,181
64,187
65,192
66,197
68,202
69,208
71,213
72,217
75,222
77,227
82,237
88,247
94,257
101,267
108,277
117,288
126,298
136,309
146,318
156,327
168,335
186,345
194,349
203,353
210,357
218,359
224,361
232,363
238,364
244,365
248,365
252,365
257,365
262,366
267,366
271,366
275,367
278,367
279,367
280,367
END
BEGIN
346,104
349,117
350,120
350,122
351,125
351,129
351,133
351,137
351,141
351,144
351,148
350,151
350,155
349,159
348,163
348,167
347,171
346,175
344,180
343,184
340,190
338,196
332,208
326,219
320,230
312,241
303,253
294,264
284,274
274,285
264,294
253,303
242,311
232,318
220,325
210,330
200,335
191,339
182,342
174,345
170,345
164,347
161,348
159,348
156,349
152,349
150,349
148,349
147,349
144,349
143,349
141,349
140,349
139,349
138,349
137,349
END
BEGIN
77,270
76,258
76,253
76,251
76,246
77,242
79,238
80,234
82,226
84,218
89,206
92,201
95,194
98,189
102,183
110,171
120,159
136,141
152,125
160,118
169,112
178,105
188,100
206,90
223,81
232,78
240,75
258,69
268,67
276,65
286,62
295,61
311,58
320,57
324,56
END
BEGIN
45,245
54,256
57,258
62,263
68,268
72,272
79,277
84,281
90,285
96,290
103,294
109,298
116,302
123,305
130,309
134,310
138,312
141,313
145,313
149,314
153,315
156,316
160,316
164,316
168,316
176,316
180,315
184,314
188,313
192,313
195,312
199,310
203,309
207,307
214,304
221,300
229,295
236,290
244,285
251,280
257,274
263,269
268,264
273,259
278,255
281,251
284,248
285,245
287,244
288,242
288,241
288,240
289,239
289,238
289,237
290,237
289,237
290,238
END
BEGIN
120,320
116,305
116,301
115,298
115,294
115,291
115,287
115,283
115,279
115,276
115,271
116,267
116,263
116,259
117,255
119,252
120,248
121,244
122,241
124,237
128,229
132,222
134,218
136,215
142,208
148,201
156,192
166,183
175,177
180,173
185,170
190,168
195,165
200,163
205,161
210,159
215,157
224,155
228,154
233,153
237,153
241,153
244,153
248,153
251,153
254,153
257,153
260,153
264,154
268,156
271,157
274,158
277,160
280,161
288,165
294,169
300,173
307,179
313,184
320,189
325,194
331,199
335,204
340,209
344,213
347,217
349,220
351,222
352,224
353,225
354,225
355,226
355,227
356,227
356,228
356,229
END
BEGIN
292,233
276,225
267,221
263,220
259,218
254,217
250,217
245,216
240,215
233,214
227,214
220,214
214,214
208,214
202,215
196,216
191,217
186,218
181,220
176,221
171,224
161,228
156,230
152,233
143,238
133,245
129,248
125,252
117,260
110,268
104,275
100,279
98,284
94,291
92,297
89,301
87,306
85,310
84,313
84,314
83,318
83,321
82,321
82,322
82,324
82,325
81,325
81,326
81,327
81,328
END
BEGIN
132,216
144,221
148,223
151,224
154,225
159,226
163,227
166,228
169,229
172,229
175,229
178,229
180,229
184,229
189,229
192,229
196,229
199,229
202,228
205,227
208,226
211,225
213,224
220,221
226,219
229,217
232,216
239,212
245,209
252,205
255,202
258,200
264,195
271,190
276,186
281,182
286,178
290,176
292,173
294,172
296,171
296,170
297,169
298,169
299,169
299,168
300,168
300,167
END
