cloud
BEGIN
161,305
154,315
152,318
148,321
141,326
135,331
132,333
129,334
126,336
124,337
120,337
117,338
115,339
112,339
110,340
108,340
105,340
103,339
100,339
98,338
96,337
95,337
93,336
92,334
90,333
88,331
85,327
84,325
83,324
82,322
81,320
81,319
81,317
81,313
82,311
82,309
83,307
84,305
85,303
87,301
88,299
90,297
92,296
94,294
98,292
102,289
105,288
106,288
107,287
109,286
110,286
111,286
112,285
113,285
114,285
113,284
112,282
108,279
104,275
100,269
96,263
91,256
87,249
86,248
86,247
85,245
84,244
84,242
84,241
84,240
84,239
85,237
85,236
86,234
87,233
88,231
90,229
92,227
94,226
96,225
99,225
101,224
104,224
108,223
111,223
113,223
117,223
120,224
124,225
126,225
128,226
131,227
133,228
135,229
136,229
138,229
139,230
139,231
139,232
138,232
137,232
136,232
135,232
134,231
132,230
131,229
129,228
127,226
125,224
124,222
123,220
121,218
120,216
120,213
119,212
118,209
117,205
117,203
117,200
117,197
118,195
118,193
119,189
120,187
121,185
123,183
124,181
126,179
128,177
129,176
131,175
136,172
139,170
142,169
144,168
148,168
150,167
153,167
156,166
159,166
162,166
166,166
168,167
172,167
175,168
178,169
180,169
184,170
186,171
188,172
191,173
193,173
195,174
197,176
198,177
199,177
200,178
202,179
202,180
203,181
203,182
203,183
202,183
201,183
200,183
200,182
199,181
198,180
196,177
196,176
195,173
193,170
192,167
192,164
191,161
191,158
191,156
190,153
190,150
191,148
191,146
191,145
192,142
192,141
193,138
194,137
196,134
197,133
200,131
202,129
204,127
206,125
212,122
216,121
219,120
222,119
225,118
228,117
232,117
236,117
239,117
242,117
246,117
249,117
252,117
255,118
258,118
260,119
263,120
264,121
266,121
268,122
269,124
271,125
272,125
272,126
273,127
275,129
276,130
276,131
276,133
277,133
277,135
277,137
277,139
276,141
276,142
276,144
276,145
275,145
275,146
274,147
274,148
273,148
272,149
271,149
270,150
268,150
267,150
266,149
265,149
265,148
264,147
264,145
264,143
264,141
264,140
264,138
265,136
266,133
267,132
268,129
270,127
272,125
275,122
278,120
281,117
284,116
287,115
290,113
293,113
296,112
300,111
304,110
307,109
311,109
314,109
318,109
322,109
325,109
328,109
332,110
335,111
338,112
341,113
344,113
347,115
350,117
352,118
355,120
356,121
359,123
360,125
361,128
362,129
364,133
364,136
364,138
365,141
365,144
364,146
364,149
363,152
362,155
360,157
359,161
357,163
353,169
351,172
348,174
345,177
342,179
336,184
332,185
329,187
326,189
322,189
319,190
316,191
312,192
309,192
306,192
304,193
301,192
300,192
298,191
296,190
295,190
294,189
292,189
292,188
291,187
291,186
291,185
291,183
292,182
293,181
295,181
297,180
300,180
302,180
304,180
308,180
311,181
314,181
318,183
321,185
324,186
327,188
328,190
331,192
333,194
335,196
336,198
338,201
340,203
341,206
342,209
343,211
344,213
344,217
344,218
344,221
343,223
342,225
341,229
340,232
338,234
336,237
333,239
332,241
328,243
326,245
323,247
319,249
316,251
312,253
308,254
304,255
301,257
297,257
293,258
290,259
287,260
283,261
280,261
276,261
273,261
270,261
264,261
261,261
258,261
256,260
255,260
253,260
252,260
251,259
250,259
249,259
248,259
248,258
248,259
250,261
252,262
253,264
254,265
256,268
256,270
257,273
258,276
259,279
259,282
259,285
259,288
258,291
256,293
255,295
253,297
252,300
250,301
247,304
244,306
241,308
238,309
232,312
228,313
225,314
221,315
217,316
214,317
210,317
207,317
204,318
200,318
197,318
195,319
192,319
189,319
187,319
184,319
181,319
180,319
179,319
178,320
177,321
177,322
176,323
177,326
177,328
177,330
178,332
178,333
177,335
177,337
177,339
176,341
176,342
175,343
174,345
172,347
171,349
168,351
167,353
164,354
161,356
159,357
156,357
155,358
153,358
151,358
148,358
147,358
144,357
142,357
139,355
137,354
135,353
132,351
131,349
129,347
128,345
127,342
125,341
124,338
124,337
124,335
123,333
123,330
123,329
124,325
124,322
126,321
127,319
128,317
130,314
130,313
131,312
END
BEGIN
261,104
246,106
238,109
235,109
226,113
217,117
209,121
201,125
190,132
187,134
183,137
177,143
172,149
168,153
164,159
160,164
157,169
156,170
156,172
155,173
155,174
155,175
154,176
154,177
154,178
154,179
153,180
152,181
151,181
150,181
148,182
146,184
141,186
134,190
126,196
118,202
109,209
101,218
94,227
91,231
88,236
86,240
84,245
84,247
84,249
83,252
83,254
83,257
84,258
84,259
84,261
84,262
85,263
86,264
87,264
87,265
88,265
88,266
88,267
88,268
88,269
87,269
85,271
83,274
77,281
71,287
64,296
56,305
48,315
41,325
36,333
34,336
32,339
32,341
32,342
32,343
32,345
32,346
33,347
33,348
34,348
35,349
36,349
37,349
40,348
41,348
44,347
46,346
48,345
50,345
52,343
54,342
56,341
59,339
63,336
67,333
71,329
73,328
76,326
77,325
78,325
79,325
80,325
80,324
81,325
82,325
83,325
84,325
84,326
84,327
86,329
88,332
89,334
91,337
92,337
94,339
96,340
98,341
100,342
103,343
105,343
108,344
110,344
112,343
116,343
118,342
121,341
124,339
127,337
130,336
133,333
136,331
143,325
149,319
153,314
156,309
164,298
170,288
176,278
179,273
181,267
183,263
184,261
184,258
184,257
184,256
184,257
184,258
185,258
186,258
186,259
187,259
188,259
189,258
191,257
192,257
196,254
202,251
204,249
208,246
214,241
221,233
231,223
240,213
247,204
252,198
256,193
258,189
260,186
260,185
260,184
260,183
260,182
259,182
258,182
257,183
256,183
255,184
254,184
253,184
252,185
252,184
253,183
254,182
257,179
261,175
265,169
271,163
276,155
282,147
286,139
288,135
290,132
291,129
292,125
293,122
294,120
295,117
295,115
295,113
295,111
295,110
294,109
293,109
292,108
290,107
288,107
286,108
283,109
280,109
277,110
274,112
271,114
268,117
264,119
260,121
254,127
248,132
243,136
239,139
236,141
235,143
233,144
232,145
232,144
233,142
234,141
237,136
241,130
245,123
250,116
255,109
258,102
260,97
262,94
263,93
263,92
263,91
263,89
262,89
260,89
259,89
257,89
255,90
252,91
249,93
246,94
243,96
240,98
234,102
228,106
217,116
207,125
196,136
185,148
176,159
168,169
162,179
156,187
153,192
152,196
151,197
150,199
150,201
149,201
149,202
149,203
149,204
150,205
151,205
152,205
152,204
153,204
154,204
155,203
156,202
157,201
158,201
159,201
158,201
157,201
155,204
153,205
148,212
142,218
133,229
124,241
114,254
105,267
98,279
92,289
88,297
85,301
84,305
83,306
82,307
82,308
82,309
83,309
84,309
85,309
86,309
88,309
88,310
END
BEGIN
68,349
56,341
54,333
54,329
54,325
54,321
56,318
56,314
58,310
60,305
63,298
66,293
70,287
73,282
77,277
85,268
93,260
97,256
101,253
110,247
114,245
118,242
126,239
132,237
136,236
139,235
141,234
144,234
146,234
148,234
150,234
153,234
154,234
155,234
155,235
156,235
156,236
156,237
156,239
156,240
156,241
155,241
155,242
154,243
153,243
152,244
151,245
150,244
149,244
148,243
148,242
147,240
147,237
147,233
147,229
148,222
150,216
152,207
155,199
158,190
161,181
164,175
168,168
176,157
184,146
187,142
191,137
195,134
200,130
204,128
208,125
212,122
216,121
220,119
224,117
228,117
232,117
236,117
240,117
244,117
248,118
251,118
254,119
256,120
260,121
262,121
265,123
268,124
270,125
272,127
275,129
276,130
278,132
280,133
281,135
282,137
283,139
283,141
283,143
283,146
282,148
281,149
280,151
280,153
278,153
277,155
276,157
274,157
273,159
272,160
270,161
268,161
266,162
264,163
262,163
260,163
260,164
258,164
257,164
256,164
254,164
253,164
253,163
252,162
252,161
253,158
254,157
256,153
257,151
260,146
264,141
266,138
268,136
272,133
275,131
278,129
281,126
285,125
289,122
293,121
297,120
301,118
305,117
309,117
313,117
317,117
321,117
325,117
328,117
332,119
336,120
339,121
342,123
345,125
348,127
351,129
353,132
356,135
358,138
360,141
360,145
362,149
362,153
362,157
362,163
361,170
360,173
358,179
356,184
354,189
352,193
348,197
345,201
341,205
338,209
330,217
326,220
322,222
318,225
314,227
308,230
303,233
300,234
297,235
295,235
292,236
290,236
288,236
286,236
284,236
282,236
280,236
280,235
281,234
282,234
285,233
287,232
289,231
292,230
294,229
297,229
300,228
303,228
306,227
308,227
312,227
316,227
319,228
322,228
325,229
328,229
331,231
333,232
336,233
338,234
340,236
342,237
344,239
345,241
346,243
347,245
348,248
348,250
348,253
347,257
346,259
344,261
343,265
340,268
338,271
330,281
325,285
320,289
310,298
299,306
287,313
276,319
264,325
258,327
252,329
247,330
241,331
237,332
232,333
229,333
227,333
224,333
221,332
219,331
216,330
214,329
212,328
208,325
204,324
203,323
203,322
202,321
202,320
202,318
204,317
205,316
206,315
207,314
208,313
209,313
210,313
212,312
214,312
216,312
218,312
220,312
223,312
225,313
228,313
229,315
232,316
233,317
236,319
237,321
238,324
240,325
240,328
241,330
242,333
242,336
242,339
242,342
241,345
240,348
240,351
238,354
236,357
235,361
232,365
230,367
227,370
224,373
220,377
217,379
212,383
207,386
201,389
196,392
190,394
184,397
179,398
172,400
167,401
161,401
156,402
150,403
145,403
140,403
135,403
130,403
126,402
122,402
119,402
116,401
113,401
110,400
108,400
105,399
103,397
101,397
100,396
98,395
96,393
95,391
94,389
94,388
93,386
93,385
94,382
95,381
96,378
97,377
99,375
100,373
102,371
104,369
106,368
108,367
110,365
112,365
115,363
116,363
119,362
120,362
122,362
123,362
124,362
126,362
127,362
128,363
128,364
128,365
128,366
127,368
126,369
124,371
123,373
121,375
119,377
116,380
111,385
104,389
101,392
97,394
91,397
85,400
80,402
73,404
68,405
62,406
56,407
52,408
48,408
44,408
41,408
38,408
35,407
32,406
28,405
26,405
23,404
20,402
18,401
16,400
14,398
12,397
11,395
9,393
8,391
8,389
7,386
6,384
6,381
6,379
6,376
7,373
8,370
8,368
10,365
12,362
13,359
15,357
17,354
20,352
26,346
29,344
32,341
36,340
40,337
48,333
55,330
59,329
63,328
66,327
70,326
73,325
76,325
79,325
81,325
86,325
88,325
90,326
92,326
93,327
95,327
96,328
97,329
97,330
96,330
96,331
95,332
94,332
92,332
90,332
88,332
85,332
84,331
81,331
79,329
77,329
75,327
73,325
72,324
70,322
68,320
67,317
66,315
64,313
64,311
63,309
62,306
62,304
62,301
61,299
62,297
62,294
63,292
64,289
64,286
65,284
67,281
69,279
72,277
74,275
79,271
82,269
85,267
88,265
92,264
96,261
97,261
END
BEGIN
160,209
148,209
143,208
137,207
136,207
133,206
128,205
127,204
124,202
122,201
120,200
116,194
114,191
112,188
112,185
111,182
111,178
110,175
110,172
111,168
111,165
112,161
112,157
113,153
114,150
116,146
116,144
119,141
120,138
123,136
125,133
128,131
134,128
138,126
142,125
146,125
150,124
156,124
162,124
168,125
173,125
179,127
184,129
189,131
194,133
199,136
203,139
207,143
211,146
214,150
218,153
224,161
228,165
228,167
223,164
218,153
217,149
217,146
217,143
217,141
218,137
219,133
220,129
222,126
224,123
226,120
228,117
232,114
234,112
237,110
240,108
244,106
247,105
251,104
253,103
256,103
260,102
263,102
266,103
269,104
272,105
275,107
278,109
280,111
283,113
285,117
288,121
291,126
293,131
295,137
296,142
297,148
298,153
299,158
300,166
300,167
300,168
170,212
158,207
155,208
152,208
149,209
147,210
144,211
140,213
138,214
135,216
131,218
127,221
124,222
123,224
122,225
121,226
120,229
118,230
117,233
116,234
116,237
116,239
116,241
116,243
116,245
117,247
118,249
119,249
121,253
122,253
124,254
126,257
127,258
128,260
144,262
136,272
135,274
134,277
133,280
132,282
131,286
130,289
130,292
129,294
129,297
129,299
129,301
129,305
129,306
130,307
130,309
131,309
132,311
132,312
133,313
134,314
136,315
136,316
138,317
140,317
141,318
143,319
146,320
148,321
152,321
156,322
158,323
160,323
161,323
162,324
156,314
155,328
155,330
156,333
156,337
157,339
158,341
160,344
161,346
163,348
164,349
166,351
168,353
169,353
170,354
172,355
175,356
177,357
180,357
183,358
185,358
188,358
189,358
191,357
192,357
194,357
196,357
197,356
199,355
201,354
203,353
205,352
207,351
208,349
211,348
212,346
214,344
216,341
218,339
219,337
220,334
220,333
221,331
222,329
223,328
224,326
224,325
225,325
225,326
225,327
226,328
226,330
227,332
228,333
228,334
228,335
228,336
229,337
230,337
231,338
232,339
236,341
236,342
238,342
240,342
241,343
242,342
243,342
244,342
247,341
249,341
252,340
253,339
256,337
257,336
260,334
264,329
268,324
270,321
272,318
274,313
276,307
278,301
280,296
283,290
285,285
287,281
287,280
119,246
128,254
131,256
133,257
134,257
135,257
136,258
292,177
304,167
308,165
313,162
317,161
320,159
324,158
327,157
329,157
332,157
335,157
337,157
339,157
340,157
342,157
344,157
345,157
346,157
347,157
347,158
347,159
348,160
348,161
348,162
348,164
347,165
346,167
345,168
344,169
344,170
342,172
342,173
341,173
340,173
340,174
340,175
339,176
339,177
340,177
340,178
341,178
342,179
343,179
346,181
349,182
351,184
352,185
353,185
355,187
358,191
360,193
360,194
361,196
362,198
363,201
364,203
364,205
364,207
364,209
364,212
363,214
362,217
361,219
360,222
359,225
357,227
356,229
354,231
352,233
349,234
344,238
341,240
339,241
336,242
333,243
330,244
327,245
324,245
321,246
319,247
316,247
313,247
312,247
309,247
307,247
306,247
305,247
304,247
304,246
304,245
305,245
306,245
307,245
308,244
310,244
312,243
313,243
315,243
320,244
322,244
324,245
328,245
330,247
333,249
336,250
338,252
340,254
342,256
344,258
346,261
347,263
348,265
350,267
351,269
352,272
352,274
352,276
352,278
352,280
352,281
351,284
350,285
348,287
348,288
346,289
344,292
341,294
336,297
333,299
330,301
324,305
319,309
314,312
309,316
304,320
300,324
296,326
293,328
292,328
292,329
291,329
290,329
289,329
288,329
287,328
285,328
284,327
282,325
280,325
279,323
277,321
276,318
273,316
272,313
271,309
269,305
268,302
268,299
268,296
268,293
268,289
268,286
269,284
269,281
END
BEGIN
228,126
232,114
232,113
232,112
231,110
231,109
230,108
229,106
229,105
228,102
225,99
223,95
221,93
219,91
214,87
212,85
209,84
207,82
204,81
202,81
200,79
198,79
196,78
193,77
191,77
189,77
187,77
184,77
182,77
180,77
180,78
179,78
176,80
175,80
174,81
173,81
172,82
171,84
169,86
168,87
168,89
167,89
167,91
166,92
165,93
165,94
165,96
165,97
164,98
164,100
164,101
165,101
165,102
165,103
166,104
166,105
166,106
167,107
167,108
167,109
168,109
168,110
167,110
166,110
166,109
165,109
163,109
161,109
160,108
157,108
155,108
152,107
149,107
146,107
143,107
140,107
136,108
133,108
131,109
128,109
127,110
124,111
123,112
121,113
120,114
119,115
118,116
115,117
115,118
114,119
111,122
111,123
110,124
109,126
109,127
108,129
108,131
109,133
109,134
109,136
110,136
110,137
111,137
112,138
112,140
113,141
115,141
116,142
116,143
117,143
119,144
120,144
121,145
122,145
123,145
124,145
125,145
126,145
127,145
128,145
127,146
126,146
124,147
123,148
121,148
120,149
119,149
116,152
112,154
110,156
109,157
108,158
107,160
104,162
104,164
103,165
102,167
102,169
101,170
100,172
100,173
100,176
100,180
100,181
101,181
101,183
102,184
103,185
104,186
104,187
104,189
106,190
107,191
108,192
109,193
110,193
113,196
115,197
116,197
118,197
120,198
122,199
123,199
124,199
125,200
126,200
127,200
128,200
129,201
130,201
131,201
132,201
132,202
133,203
133,204
133,205
134,207
134,208
134,209
135,213
136,216
136,218
136,220
136,221
137,223
138,225
139,228
140,229
141,231
142,233
144,234
145,235
148,238
150,240
153,242
155,243
156,244
159,245
161,245
164,246
166,247
168,247
170,247
172,247
174,247
176,247
178,246
179,246
180,245
183,245
184,244
186,243
188,241
191,240
192,239
192,238
193,237
194,237
195,236
196,236
196,235
196,234
197,234
198,234
199,234
200,235
202,236
204,236
205,237
207,237
209,237
212,238
215,238
218,238
221,238
224,238
228,238
232,238
236,237
241,237
245,236
249,234
253,233
256,231
259,229
261,228
262,227
264,225
264,224
268,220
269,218
271,217
273,213
275,209
276,207
276,205
276,204
277,201
277,200
277,198
277,197
277,196
276,195
276,194
276,193
276,192
276,191
276,190
276,189
277,189
279,188
280,187
282,185
284,184
288,181
294,176
300,169
305,163
311,157
315,149
318,143
318,142
318,141
319,140
319,138
319,137
319,135
319,134
319,132
318,131
317,131
316,129
315,128
313,126
312,125
311,125
309,125
308,125
307,125
305,125
302,125
297,125
296,125
293,126
292,127
290,127
289,128
288,128
286,129
285,129
284,129
284,130
283,130
282,130
282,131
281,131
280,131
280,130
279,130
278,129
277,129
276,127
273,125
271,122
268,120
264,117
263,116
261,115
260,115
260,114
258,114
257,113
256,113
255,113
253,113
252,113
250,112
248,112
246,112
244,112
242,113
240,113
237,113
236,114
234,115
232,117
230,118
228,121
225,123
224,125
223,126
222,127
220,129
220,130
220,131
220,132
220,133
219,133
219,134
218,135
218,136
218,137
END
BEGIN
215,84
204,77
199,74
192,72
191,71
189,70
185,69
184,69
183,69
181,69
180,69
176,69
175,69
173,70
171,71
168,72
166,73
164,75
163,77
160,78
156,83
155,85
153,88
152,90
152,93
151,95
150,97
149,100
148,102
148,104
148,105
148,107
148,109
148,111
148,113
148,114
148,116
148,117
148,118
149,118
149,119
149,120
150,121
150,122
150,123
151,123
151,124
151,125
150,125
149,125
148,126
147,126
146,126
144,127
141,128
136,129
129,132
126,134
122,136
119,138
115,141
112,143
108,145
105,148
102,151
100,154
97,157
96,159
96,161
96,162
95,165
95,167
95,169
95,170
95,171
96,173
96,174
96,175
97,175
98,177
99,177
100,178
100,179
101,180
102,181
103,181
104,182
105,182
106,182
107,182
108,182
108,183
109,183
110,183
111,183
112,183
112,184
112,185
111,186
111,187
110,189
108,191
106,194
103,199
100,205
98,210
97,213
96,216
95,219
95,222
95,225
95,227
95,228
96,232
96,233
97,236
99,238
100,240
101,241
103,244
104,245
108,247
108,248
110,249
112,249
113,249
114,250
116,251
117,251
119,251
120,252
122,252
123,252
124,252
126,252
127,252
128,252
129,252
130,252
131,252
132,252
132,253
132,255
132,257
131,259
130,261
128,265
127,269
125,275
124,277
124,281
124,283
124,285
124,287
124,289
124,291
125,294
125,296
126,297
127,300
128,301
129,303
130,305
131,306
132,308
133,309
134,310
139,314
140,315
142,316
144,317
146,317
148,318
149,319
150,319
152,319
155,319
156,319
158,318
160,318
161,317
163,317
164,316
167,314
171,312
172,311
172,310
173,310
173,309
174,309
175,309
176,309
176,308
176,307
177,307
178,308
178,309
179,312
180,315
181,319
182,323
184,327
185,329
186,330
187,332
188,333
192,337
193,339
196,340
199,342
200,343
202,344
204,345
208,345
209,345
211,345
216,345
217,345
220,345
221,344
223,343
224,342
226,341
227,341
228,340
231,337
233,335
235,332
236,329
237,328
237,327
238,327
238,326
239,325
239,324
240,324
240,323
241,324
242,325
244,326
246,329
249,330
252,333
255,334
257,335
259,336
260,336
264,337
267,337
269,337
272,337
274,336
276,336
278,335
280,333
282,333
284,331
286,329
288,328
289,326
291,325
295,319
296,317
297,315
300,309
301,306
302,304
303,301
303,298
304,295
304,293
304,290
304,288
304,285
304,283
304,281
303,280
303,279
303,278
302,277
302,276
301,276
301,275
301,274
300,274
300,273
300,274
300,275
301,276
302,277
303,277
304,278
304,279
306,281
307,281
308,281
308,282
310,282
311,282
312,283
313,282
314,282
316,282
318,282
320,281
323,281
324,280
326,279
328,277
330,276
332,274
334,273
339,268
340,266
342,264
344,261
345,259
348,254
348,252
349,249
350,247
351,245
351,242
352,240
352,238
352,237
352,233
352,231
351,229
351,228
350,226
349,225
348,224
348,223
347,221
346,221
345,220
344,218
342,217
341,217
340,217
338,216
337,216
336,216
335,216
334,215
332,215
330,215
329,215
328,215
327,215
326,215
325,215
325,216
324,216
324,215
323,215
323,214
323,213
323,212
323,210
323,208
323,205
323,200
323,193
323,190
322,188
321,184
321,181
320,177
319,173
317,169
316,166
314,164
312,161
309,158
308,157
305,154
304,153
303,153
302,152
301,151
300,151
300,150
300,149
299,149
298,149
298,148
299,147
299,146
300,145
300,143
301,141
303,137
305,132
308,126
309,120
310,117
311,113
312,110
312,106
311,103
311,99
309,97
308,95
308,93
306,93
304,90
301,88
300,86
297,85
296,83
293,82
292,82
289,81
288,81
286,81
285,81
284,81
281,81
280,81
278,81
277,81
276,82
275,82
274,82
273,82
272,83
271,83
270,83
270,82
269,82
269,81
268,80
268,79
266,77
265,76
264,74
262,73
261,71
259,70
257,69
254,68
252,66
248,65
245,65
242,65
238,65
235,65
232,65
229,66
226,68
224,69
222,70
217,73
213,75
209,78
208,79
207,80
206,81
205,82
204,85
203,85
202,88
202,89
202,90
201,93
200,97
END
BEGIN
100,197
88,193
86,192
84,189
82,187
80,185
79,184
78,182
77,181
76,179
76,177
76,176
75,174
74,170
74,168
73,165
73,164
74,161
74,160
74,159
75,157
76,153
77,151
78,149
80,148
80,146
83,144
86,141
88,139
90,137
92,137
95,136
96,135
99,134
101,133
103,133
104,133
106,133
108,133
110,133
112,133
114,133
116,134
118,134
120,135
121,136
122,137
124,138
128,141
128,142
131,144
132,145
134,148
134,149
135,149
135,150
135,151
136,151
136,152
136,153
137,153
137,154
138,155
138,154
139,154
139,153
139,152
140,151
140,150
140,149
140,147
141,144
142,139
143,134
144,132
144,129
146,126
148,123
150,120
152,117
156,113
157,111
160,109
162,108
165,106
168,105
171,105
173,104
176,104
178,104
180,104
181,105
183,105
184,105
187,105
188,106
191,107
192,109
194,109
196,111
198,113
200,115
201,116
202,117
204,120
207,124
208,125
208,127
209,129
209,131
210,133
211,134
211,137
212,138
212,141
212,142
212,144
212,146
212,149
212,152
212,153
211,155
211,157
210,158
210,159
209,160
209,161
208,161
208,162
208,163
208,164
207,164
207,165
206,165
206,166
205,166
205,167
204,167
204,166
204,165
204,164
204,163
205,161
206,160
207,157
208,156
208,153
210,151
212,149
214,146
216,143
220,141
222,138
225,136
228,134
231,133
233,132
236,131
239,129
242,129
245,128
248,127
251,127
253,126
256,126
258,126
263,126
265,126
268,126
271,127
273,128
276,128
278,129
280,129
281,131
283,131
284,132
284,133
285,133
288,135
288,137
289,137
291,140
291,141
292,142
292,144
293,145
293,146
294,148
294,149
294,151
294,153
295,154
294,160
294,162
293,165
292,168
292,171
291,173
289,176
288,178
287,181
284,185
282,187
280,189
280,190
279,191
276,193
275,194
273,195
272,196
271,196
271,197
270,197
269,197
268,197
267,197
266,197
267,197
268,196
268,195
269,195
271,194
272,193
276,192
279,191
281,190
285,189
288,189
292,189
296,189
303,189
306,189
308,190
311,191
312,192
315,193
316,193
320,195
323,197
326,200
329,202
332,205
334,208
335,209
336,211
337,213
338,214
339,216
339,217
340,219
340,220
340,223
340,225
340,226
340,228
340,229
340,232
340,233
339,236
339,237
338,238
337,239
336,241
335,242
333,245
332,245
331,246
328,249
326,250
325,251
324,252
322,253
320,253
319,253
316,255
312,256
309,257
308,257
305,257
304,257
303,257
302,257
301,257
300,257
299,257
298,257
297,257
296,257
295,257
296,257
297,258
299,260
301,262
303,264
304,265
305,268
306,269
308,272
308,274
309,277
311,280
311,281
312,284
312,285
312,288
312,289
312,290
312,293
312,297
312,298
312,300
312,301
311,303
310,305
309,307
308,309
307,311
304,314
304,315
304,316
302,317
300,320
299,321
297,321
294,324
293,324
292,324
291,325
290,325
288,325
286,325
285,325
284,325
283,325
282,325
281,325
280,325
279,325
278,325
277,325
276,324
275,324
274,324
274,325
273,325
273,326
272,328
272,329
272,332
271,334
270,337
268,343
266,349
264,351
264,354
260,360
256,365
255,367
253,369
251,372
246,375
244,377
243,377
240,378
239,379
237,380
235,380
234,381
232,381
229,381
228,381
226,381
224,381
222,381
217,381
213,381
212,381
209,381
208,380
204,378
203,378
201,377
199,376
198,376
197,375
195,373
192,373
192,372
192,371
191,371
191,370
190,369
189,369
188,369
188,368
188,367
187,367
187,366
186,366
186,365
185,365
184,365
184,364
184,365
183,365
182,365
182,366
181,367
180,369
179,370
176,372
174,373
171,376
170,377
168,377
164,379
163,380
161,380
158,381
155,382
152,383
147,384
144,385
142,385
140,385
138,385
136,385
134,385
130,385
128,385
126,385
124,385
122,385
120,384
118,384
116,383
115,382
113,382
111,381
110,381
109,380
106,378
104,377
103,376
102,375
100,373
99,372
98,370
97,369
96,368
96,367
96,366
95,365
95,364
95,362
94,361
94,360
94,358
94,357
95,355
95,353
95,352
96,350
96,349
97,347
99,345
100,341
101,341
102,341
104,338
106,336
108,334
108,333
109,333
110,333
110,332
111,331
112,330
112,329
113,329
114,329
114,328
114,327
115,327
114,326
113,325
112,325
111,324
108,323
105,322
100,320
95,318
89,316
83,313
76,311
74,309
71,308
68,306
66,304
64,302
63,301
60,297
60,296
58,294
57,293
56,290
56,289
56,287
56,285
55,285
55,281
55,278
55,277
56,275
56,273
56,270
57,269
58,266
59,265
60,263
60,261
61,260
63,257
65,256
67,254
68,253
72,250
72,249
74,249
76,247
80,245
82,244
83,244
84,243
86,242
87,242
88,242
88,241
89,241
90,241
91,241
92,241
92,240
90,240
88,240
87,239
85,239
83,238
80,238
79,237
78,237
77,237
76,237
76,236
75,235
72,233
71,233
69,231
69,230
69,229
68,229
68,227
68,226
67,225
67,223
67,221
68,221
68,218
68,217
70,215
71,213
72,211
74,210
75,209
78,206
80,204
84,202
88,199
89,199
90,199
92,198
93,198
95,198
96,197
98,197
100,197
END
BEGIN
76,139
72,127
72,121
72,119
72,117
72,113
72,111
72,109
72,106
73,103
76,97
76,95
77,93
78,91
80,89
81,85
84,82
85,81
87,79
89,77
92,74
94,72
97,70
100,69
103,68
108,65
110,65
113,64
116,63
119,63
122,62
124,62
128,62
130,62
132,62
135,63
138,63
140,64
144,65
146,65
148,66
151,67
153,68
155,69
156,70
159,71
160,73
163,75
164,76
164,77
166,79
168,81
170,85
171,87
172,89
173,92
175,95
176,99
177,102
178,103
178,104
184,106
194,97
200,93
205,89
210,86
213,84
216,82
220,81
223,81
225,80
228,79
231,78
232,78
235,77
237,77
240,77
242,77
248,77
250,77
252,77
255,78
257,79
260,79
261,80
263,81
265,81
266,82
268,83
268,84
270,85
272,86
273,87
276,90
276,91
277,92
280,96
281,97
282,100
283,103
284,105
284,108
284,109
284,114
283,117
282,121
281,124
280,127
280,130
278,133
277,136
276,139
274,141
272,145
270,148
268,150
262,157
256,162
250,169
244,174
237,181
232,185
232,186
240,177
255,181
257,181
260,183
264,185
268,187
272,189
275,192
278,194
281,197
282,198
284,199
287,203
288,205
289,206
291,209
292,211
294,217
296,220
296,222
296,225
296,228
297,232
297,235
297,238
297,241
297,244
296,246
296,249
296,251
296,253
295,256
294,257
294,259
293,260
292,261
292,263
291,264
290,265
289,267
288,268
287,269
283,273
281,273
279,275
276,277
273,278
270,280
266,281
263,283
260,284
254,285
252,286
248,287
243,288
237,289
235,289
232,289
228,290
234,282
236,297
236,298
236,301
236,302
236,303
235,305
235,307
234,309
233,310
233,312
232,313
230,318
229,320
228,321
225,325
224,327
222,329
216,334
214,337
212,338
207,342
201,346
199,347
196,349
193,349
190,351
188,352
184,352
182,353
179,353
176,353
174,353
172,353
169,353
167,353
164,353
161,353
158,352
156,351
153,350
152,349
149,349
148,348
145,347
141,345
138,342
136,341
134,339
132,337
131,335
128,331
124,328
124,327
140,310
134,325
132,327
131,329
128,333
126,335
123,339
121,341
120,342
117,344
115,345
109,349
108,349
106,350
103,352
100,353
99,353
96,353
94,354
91,355
88,355
86,355
84,355
81,355
79,355
77,355
76,355
73,354
72,353
69,353
66,352
63,351
60,349
58,349
55,346
53,345
52,345
49,342
48,341
45,339
42,335
39,331
35,326
31,320
29,317
28,315
27,312
25,309
24,306
24,304
23,301
22,298
21,296
21,293
21,291
20,289
20,286
21,285
21,282
22,280
24,277
24,274
26,271
28,269
32,263
33,260
36,257
39,254
42,251
48,245
52,241
53,240
57,272
47,263
45,261
42,257
40,253
38,248
35,241
32,234
29,229
27,222
26,220
25,217
25,213
24,211
24,208
24,205
24,201
24,198
25,196
25,192
26,189
27,185
28,183
28,180
29,177
31,174
32,169
35,163
36,161
38,157
40,155
42,153
44,150
47,148
49,145
52,144
57,140
60,138
64,137
66,135
69,134
72,133
75,133
81,131
84,130
87,129
90,129
92,129
99,128
105,127
108,126
112,126
114,126
117,125
122,125
123,125
END
BEGIN
73,148
72,136
72,133
72,131
73,128
75,125
76,121
78,117
80,115
81,112
84,106
88,101
92,95
98,89
104,84
110,79
113,77
116,74
120,73
124,70
128,69
132,67
136,65
140,65
144,63
148,62
151,61
155,61
159,61
163,60
166,60
170,60
174,60
177,60
180,61
184,61
188,61
191,61
194,62
196,64
200,65
202,65
204,67
207,69
208,70
211,72
214,74
215,74
218,82
224,72
230,66
234,64
240,60
243,58
245,57
248,56
252,55
257,53
262,52
265,51
268,50
271,50
273,49
276,49
279,49
280,49
283,49
284,49
285,49
288,49
290,49
292,49
294,50
296,50
297,51
299,52
300,53
302,53
304,54
305,55
306,55
308,56
310,58
312,61
313,61
314,63
315,64
316,65
317,69
318,70
319,71
319,73
320,74
320,76
320,78
320,80
320,81
320,86
319,89
318,91
316,97
316,101
314,103
312,107
312,108
312,109
309,116
322,113
324,114
325,114
327,114
328,114
330,115
332,115
333,116
335,116
336,117
337,117
339,118
341,120
343,121
344,121
347,124
351,128
353,130
355,133
356,136
357,138
359,141
360,144
360,146
360,149
361,151
361,153
361,156
361,159
360,161
360,164
360,166
359,169
358,172
356,175
355,177
354,180
352,182
350,185
346,190
342,196
338,201
334,205
330,209
330,210
86,153
70,154
68,156
65,157
59,161
56,163
55,165
53,167
51,169
48,173
44,178
43,182
41,185
40,187
40,191
39,193
39,196
39,198
39,201
39,202
40,205
40,208
40,210
42,213
44,216
45,218
47,221
48,222
51,225
52,226
55,228
58,230
61,232
64,233
67,234
70,236
73,237
76,237
80,238
88,239
91,239
93,240
99,241
100,241
107,244
96,259
92,265
88,271
87,274
86,277
84,281
84,285
83,292
82,295
82,298
82,301
82,305
82,309
82,311
83,314
84,317
84,320
84,323
86,325
87,329
88,331
89,333
91,335
92,337
94,339
96,340
97,341
99,342
101,344
104,345
106,346
108,347
111,347
113,348
116,348
118,349
121,349
124,349
130,349
132,348
136,348
138,347
141,346
144,345
147,344
150,343
153,341
156,340
159,337
162,335
165,333
171,328
176,323
182,318
188,313
192,307
196,303
197,302
203,285
211,298
214,301
219,307
224,311
230,316
232,317
236,320
240,322
246,325
249,326
252,328
255,329
257,329
260,329
264,329
266,329
269,329
272,329
275,329
277,328
280,327
283,326
285,325
288,323
290,321
296,318
300,314
306,309
308,306
311,304
315,297
319,291
322,285
324,282
324,280
325,277
326,274
327,272
327,269
327,267
327,265
327,261
327,257
327,256
333,201
348,201
350,201
352,201
353,202
355,202
356,203
357,203
359,204
360,205
362,205
364,206
365,208
367,209
368,209
371,212
373,215
374,216
375,217
376,219
376,221
377,221
377,223
378,225
378,226
377,229
377,232
376,234
375,238
371,245
368,249
365,251
363,253
356,258
354,260
352,261
348,263
345,265
343,266
340,267
336,269
333,269
330,270
327,271
320,272
316,273
315,273
END
BEGIN
51,211
44,196
43,193
42,189
42,186
42,183
42,180
42,177
42,173
43,170
44,167
44,163
45,160
47,157
48,153
50,150
54,144
58,137
63,131
69,125
76,118
85,111
90,107
96,104
105,98
111,96
116,93
120,91
126,89
131,89
136,87
140,86
144,85
148,85
151,85
154,85
157,85
160,85
164,85
168,85
171,86
174,86
177,88
180,89
183,89
185,91
188,92
192,94
195,96
196,97
199,99
200,101
202,104
204,105
205,108
206,110
207,113
208,115
208,117
208,120
208,123
208,125
208,129
208,131
207,133
206,137
205,139
204,142
203,148
200,153
198,159
196,164
194,168
194,169
196,159
203,149
207,143
212,136
218,129
224,122
231,117
237,113
240,110
244,109
248,107
251,105
256,104
260,102
263,101
266,101
269,101
272,101
276,100
279,100
282,100
288,100
290,100
293,101
296,101
299,101
301,103
304,104
306,105
308,106
310,108
312,109
314,111
316,113
316,114
317,116
319,117
320,120
320,121
321,123
323,126
324,129
324,131
324,133
324,136
324,138
324,143
324,146
324,149
323,152
322,154
320,157
320,160
318,162
316,165
312,170
308,177
304,181
299,187
293,192
288,196
284,199
281,201
280,202
279,203
278,203
277,204
277,203
277,202
279,201
280,199
283,195
288,190
294,185
301,179
308,173
312,172
315,170
318,169
321,168
324,167
328,167
331,166
334,166
336,166
339,166
341,166
344,167
346,167
348,168
351,169
353,170
355,171
356,173
359,174
360,176
361,177
362,179
364,181
365,184
366,186
367,189
367,191
368,193
368,197
368,199
368,201
368,204
366,209
364,213
364,216
362,219
360,221
357,227
353,233
351,237
348,240
341,246
335,253
328,258
320,263
313,268
306,272
303,274
300,276
296,277
292,278
286,281
284,281
281,281
279,282
276,282
275,282
272,283
270,282
268,282
267,281
265,281
264,281
263,280
262,279
261,278
260,277
260,276
260,275
260,274
260,273
260,272
261,271
262,270
262,269
263,269
264,267
265,265
267,265
268,264
269,263
271,262
272,262
274,261
276,261
277,261
279,261
280,261
282,261
283,262
284,262
286,263
288,264
289,265
290,265
292,266
292,267
294,269
295,269
296,271
296,272
297,273
298,275
299,277
299,280
299,282
300,285
300,287
299,289
299,292
299,294
298,297
297,300
296,302
296,305
294,308
293,311
292,313
290,317
288,319
283,325
278,331
272,337
266,342
259,348
248,356
238,362
228,368
224,370
219,373
209,377
200,380
195,381
190,382
180,385
176,385
171,386
166,386
161,387
156,387
152,388
148,388
144,388
141,388
138,388
135,388
132,388
128,387
126,386
123,386
120,385
115,384
112,383
109,382
107,381
104,380
102,379
100,377
98,376
96,375
94,373
92,371
91,369
90,367
88,365
88,363
87,361
86,358
84,353
84,351
84,349
84,346
84,344
84,341
84,339
84,337
85,333
86,331
86,329
87,326
88,324
89,319
91,317
92,314
93,313
95,310
96,309
99,307
102,304
105,301
108,300
110,299
112,298
114,297
116,297
121,296
123,296
124,296
128,296
128,297
130,297
132,297
134,297
135,298
136,299
137,300
138,301
139,302
139,303
139,304
139,305
139,306
139,308
139,309
138,309
138,311
137,312
136,313
136,314
134,316
132,318
129,321
126,323
124,325
123,325
120,327
118,328
115,329
112,330
107,332
104,333
101,333
99,333
96,333
92,334
89,334
87,334
84,334
78,334
75,333
72,333
69,333
66,333
60,332
57,331
54,330
51,330
48,329
45,328
42,327
36,325
34,324
31,322
28,321
26,319
24,317
22,316
20,314
19,312
17,310
16,308
14,305
13,303
12,301
11,298
10,296
9,293
8,290
8,288
8,285
8,282
8,280
8,277
8,275
8,271
9,269
9,265
10,262
12,259
12,256
14,253
16,250
17,247
20,245
22,241
27,236
32,229
36,227
39,224
46,218
53,213
64,207
75,201
84,197
94,193
103,189
109,186
111,185
END
BEGIN
191,323
183,334
181,337
180,341
179,342
179,343
178,345
178,346
178,347
178,348
178,350
178,351
178,353
179,353
179,355
180,356
180,357
182,358
183,360
184,361
186,361
188,362
191,364
194,365
197,365
200,365
203,365
207,365
211,365
214,364
218,363
221,362
225,361
232,359
240,356
248,353
257,349
268,344
276,340
284,336
294,330
300,325
307,321
312,317
317,312
322,307
327,303
331,299
333,295
335,293
336,291
336,290
337,289
338,288
338,286
339,285
339,284
339,283
339,282
339,281
339,280
338,279
338,278
337,277
336,277
335,276
334,275
333,275
332,274
331,273
330,273
329,273
328,273
327,273
326,272
325,272
324,272
323,272
323,271
324,271
324,270
326,269
328,268
332,265
336,262
343,258
349,253
355,249
365,239
370,234
373,229
377,225
380,219
384,215
384,213
385,210
386,208
387,205
388,203
388,201
388,199
388,197
388,195
387,193
386,191
385,189
384,189
384,188
383,187
381,186
380,185
379,185
377,184
376,184
374,183
372,182
370,182
368,182
366,181
364,181
363,181
361,181
358,181
355,181
352,182
349,182
347,182
345,182
344,182
343,182
342,182
341,181
340,181
340,180
340,179
340,178
340,177
340,176
340,174
341,172
343,169
343,166
344,165
344,159
346,153
347,147
348,145
348,141
348,138
349,135
349,133
349,129
349,127
349,124
349,122
349,119
349,117
348,114
348,112
348,110
347,108
346,106
344,104
344,102
342,101
340,99
338,97
336,97
335,95
332,94
331,93
329,93
327,92
324,92
321,91
319,91
316,91
312,91
310,92
307,92
304,93
300,93
297,93
293,94
290,95
287,96
280,98
275,100
268,101
262,104
256,106
252,109
249,109
247,111
244,112
243,113
242,113
241,113
240,113
240,112
239,111
239,110
238,110
238,109
237,107
236,105
236,102
235,100
233,97
232,93
231,93
229,91
228,89
227,89
225,88
224,87
221,86
219,85
216,85
214,85
211,85
208,86
205,86
202,87
199,88
196,89
192,90
188,92
185,93
182,95
175,99
168,104
160,109
153,115
144,123
135,132
129,137
124,144
121,149
117,154
115,159
114,161
113,164
112,165
112,167
112,169
112,170
112,171
111,173
112,174
112,175
112,177
113,178
113,179
114,180
115,180
116,181
117,181
119,181
120,181
122,181
125,181
127,181
128,181
129,181
131,180
132,180
133,180
135,179
136,178
138,178
139,178
140,177
137,177
136,178
133,179
131,181
127,182
122,185
116,187
112,189
110,190
104,194
97,198
91,203
84,208
81,210
78,213
72,219
67,225
61,230
56,236
54,239
52,242
49,247
47,252
46,254
45,256
44,257
44,259
44,260
44,261
44,262
44,264
44,265
44,266
45,267
46,268
47,268
48,269
49,269
50,269
52,269
54,269
56,269
58,269
60,269
61,269
63,268
66,267
69,266
73,265
74,265
76,265
77,264
78,264
80,264
82,264
83,264
84,265
84,267
85,268
84,270
84,273
83,275
81,277
80,280
76,286
73,293
70,299
67,306
64,313
61,321
59,327
58,329
57,333
56,335
56,338
56,341
56,343
56,345
56,347
56,349
57,350
57,351
58,353
59,353
60,355
60,356
61,357
62,357
63,357
65,358
67,358
69,358
72,358
74,358
76,357
78,357
80,356
83,355
85,354
91,352
96,349
102,346
106,343
111,340
115,337
118,335
120,334
121,333
123,333
124,333
125,333
126,332
128,333
128,334
128,335
128,336
128,337
128,338
128,340
126,343
125,348
124,353
122,357
121,361
121,363
121,365
120,366
120,368
120,369
120,370
120,373
121,374
121,375
121,376
122,377
123,377
124,378
126,379
127,379
128,379
129,379
131,379
132,378
133,378
135,377
136,377
138,375
140,374
146,370
151,367
152,365
155,362
160,357
164,353
168,347
173,342
178,337
182,333
185,328
188,324
191,320
193,317
195,315
197,313
199,311
END
BEGIN
223,364
234,370
240,373
241,373
244,373
246,373
249,374
252,374
256,374
262,374
265,374
269,373
272,373
275,373
277,372
280,371
283,370
285,369
291,366
296,364
299,362
301,361
306,357
311,353
315,349
316,348
318,346
322,341
325,336
328,331
329,328
331,325
332,323
332,321
333,318
333,316
334,314
334,312
334,311
334,309
333,308
333,306
332,305
332,304
332,301
331,301
330,300
330,299
329,298
329,297
328,297
328,296
328,295
328,294
329,294
329,293
330,293
332,293
334,291
336,290
340,288
344,285
350,281
359,275
368,268
376,260
385,251
389,246
392,241
396,237
398,232
400,227
402,222
403,219
404,215
404,212
403,209
403,208
402,205
402,203
401,201
400,200
400,197
399,197
398,195
396,193
396,192
394,190
392,189
391,188
388,187
387,186
385,185
384,185
382,184
380,184
378,183
376,183
374,182
372,182
369,181
368,181
366,181
364,181
361,181
360,181
359,182
358,182
357,182
356,182
355,182
354,182
354,181
353,181
353,180
353,179
353,178
354,177
354,176
355,173
356,169
358,162
360,155
362,146
363,141
363,137
364,132
364,127
364,117
363,113
361,109
360,105
359,101
357,100
356,98
355,96
353,94
351,93
349,91
347,89
344,88
342,86
339,85
337,84
335,83
331,81
328,81
326,80
323,79
320,79
317,79
314,79
312,79
309,80
307,80
304,81
300,82
293,84
288,85
284,88
281,89
279,90
277,91
276,92
276,93
275,93
274,93
273,93
273,94
272,94
272,93
271,93
270,91
269,90
268,89
264,85
260,81
257,78
254,76
251,73
247,72
243,69
238,67
233,65
228,64
224,62
218,61
213,61
208,60
204,60
198,61
195,61
191,62
188,63
184,64
181,65
178,67
172,69
166,73
163,75
160,77
158,79
155,81
151,85
148,89
144,93
143,96
140,99
140,100
140,101
139,103
138,105
138,106
138,109
138,110
138,113
139,113
139,114
139,115
140,116
140,117
140,118
140,119
141,120
141,121
141,122
140,122
139,123
136,124
134,125
132,126
128,128
124,129
120,133
113,137
104,143
96,150
88,159
80,168
77,172
74,177
72,181
70,185
69,188
68,190
68,192
68,194
68,195
68,196
68,197
68,198
69,199
70,200
71,201
71,202
72,203
72,204
73,205
74,205
76,207
78,209
79,209
80,209
81,210
82,210
83,210
84,211
84,212
85,212
86,212
86,213
87,213
86,214
86,215
85,215
85,217
84,217
83,219
80,224
75,230
69,237
63,245
57,254
52,264
50,269
48,273
47,277
46,282
46,285
46,288
46,290
47,293
48,295
48,297
50,300
51,301
52,304
54,305
55,307
56,308
59,311
60,312
62,313
64,314
66,316
72,318
74,319
76,320
78,320
80,321
81,321
84,321
85,321
88,321
90,321
92,322
94,322
96,322
99,322
101,322
104,321
105,321
106,321
107,321
108,321
109,321
109,322
110,322
111,323
111,324
112,325
112,326
112,327
112,329
112,330
111,332
111,334
111,336
110,337
110,339
110,341
109,342
109,344
109,345
109,347
108,349
109,352
109,353
109,356
109,357
110,359
110,361
111,362
112,364
112,365
112,367
113,369
114,370
116,372
117,373
120,376
121,377
123,379
126,381
129,383
132,384
134,385
137,386
140,388
144,388
146,389
148,389
152,389
154,389
156,389
159,389
161,389
164,389
166,389
169,388
172,387
175,387
177,386
179,385
181,385
184,384
185,383
189,381
193,379
197,377
201,374
204,373
206,371
208,369
209,369
209,368
210,368
210,367
211,367
212,366
212,365
END
BEGIN
147,293
144,306
144,309
145,310
146,312
148,314
148,316
151,320
153,323
156,327
159,330
163,334
165,337
168,339
172,341
175,343
176,345
179,345
181,346
184,348
186,349
188,349
191,349
194,350
196,350
199,350
201,349
204,349
206,349
208,349
212,347
215,346
217,345
220,344
225,341
228,340
230,338
232,337
234,334
236,333
238,330
242,325
245,321
248,316
252,310
253,308
255,305
256,302
256,299
257,297
258,293
259,291
259,289
259,286
259,284
259,280
259,278
258,277
258,274
257,273
257,271
256,269
256,266
254,263
253,261
253,260
252,258
252,257
251,256
251,255
251,256
251,257
252,257
253,259
255,261
258,265
261,268
264,270
266,272
269,274
272,276
275,277
277,277
280,278
283,279
285,280
288,280
292,280
295,281
300,280
303,280
306,279
308,278
311,277
314,277
316,275
322,273
325,271
328,269
330,268
332,266
335,264
336,262
339,261
340,258
343,254
346,250
348,245
350,243
351,240
352,237
352,234
353,232
353,229
354,227
354,225
354,222
354,220
353,217
353,216
352,213
352,211
352,209
352,208
351,206
350,204
348,199
347,197
345,195
344,193
342,191
340,189
338,188
336,187
335,185
331,184
328,182
326,181
324,180
322,180
320,179
318,178
316,177
315,177
313,177
312,177
310,177
309,177
308,177
307,177
306,177
305,177
306,177
307,177
307,176
308,176
309,176
310,175
313,174
317,173
320,171
322,170
328,166
331,165
334,162
337,160
340,157
341,155
343,153
346,148
349,144
352,139
353,137
355,133
356,131
356,129
356,125
357,123
357,121
358,119
358,117
358,114
357,113
357,112
357,110
356,109
356,108
356,106
355,105
354,103
354,102
353,101
352,98
350,97
348,96
347,93
344,92
342,90
340,89
336,87
335,86
333,85
331,85
328,85
325,84
322,83
320,83
317,82
315,82
313,83
312,83
309,83
308,83
306,84
305,84
304,85
301,85
299,86
296,87
293,89
292,89
290,91
289,91
289,92
288,92
288,93
287,93
286,94
286,95
285,95
285,96
284,96
284,97
283,97
283,98
282,98
281,98
281,97
280,97
280,96
279,95
277,93
276,92
273,90
270,87
265,83
259,79
252,75
248,73
244,72
240,70
236,69
232,68
228,66
224,66
220,65
216,65
213,65
211,66
208,66
206,67
204,68
203,68
201,69
198,70
195,71
193,73
191,73
188,75
185,77
184,78
184,79
181,81
180,83
179,84
179,85
177,87
176,89
176,91
175,92
175,93
175,94
174,96
174,97
175,97
174,99
175,101
175,102
175,103
175,104
176,105
176,106
176,107
176,108
176,109
176,110
175,110
174,109
172,109
171,109
169,109
167,109
165,109
163,108
160,108
156,108
153,107
150,107
147,107
144,107
140,108
136,108
133,108
129,109
126,109
123,110
120,111
118,112
114,113
112,114
110,115
109,116
108,117
105,119
103,121
102,122
101,124
99,126
98,128
97,129
96,132
95,133
95,135
94,136
94,137
93,139
93,141
92,142
92,144
92,145
92,148
92,151
92,153
93,155
93,157
94,159
95,161
96,163
98,166
100,169
101,170
103,172
104,174
107,176
107,177
108,177
109,178
110,179
111,179
111,180
112,181
113,181
113,182
114,182
113,183
112,183
111,184
109,185
108,185
105,186
102,188
97,190
92,194
88,197
85,199
83,201
80,205
77,208
75,211
72,214
71,217
68,221
67,225
67,227
66,231
65,233
65,234
65,237
65,238
65,241
65,242
65,244
66,247
66,249
67,250
68,252
68,253
69,255
70,256
72,257
72,258
75,261
76,261
76,262
79,264
80,265
83,267
85,268
88,269
89,269
90,270
91,270
92,270
92,271
93,271
93,272
94,272
95,273
95,274
95,275
94,277
93,279
92,282
91,287
88,292
87,297
84,301
84,304
84,305
84,307
84,310
84,313
84,315
84,317
85,317
85,318
86,319
87,321
88,322
89,323
90,325
92,325
93,327
95,327
96,328
97,328
98,328
100,328
101,329
103,328
104,328
106,328
108,327
112,326
113,325
116,325
118,323
120,322
122,321
124,319
128,317
128,316
129,314
132,312
133,311
134,309
135,309
135,308
136,308
136,307
136,306
136,305
137,305
138,305
138,304
END
BEGIN
202,323
206,335
208,340
210,343
212,347
214,351
216,353
217,356
219,358
221,360
226,365
228,366
231,368
233,369
236,369
238,370
240,371
243,372
245,372
248,372
251,372
253,372
256,372
258,371
260,370
263,369
266,369
272,366
274,365
276,364
279,362
280,361
282,358
284,357
286,355
288,353
292,347
295,341
298,336
301,329
302,326
303,323
304,321
304,317
305,315
305,313
305,310
304,308
304,306
304,305
304,304
303,302
303,301
302,301
301,298
300,298
300,297
299,297
299,296
298,296
298,295
297,295
297,294
296,294
297,295
299,296
300,296
301,297
302,297
304,298
307,298
310,299
312,300
316,300
320,300
328,300
332,299
335,298
339,297
343,295
346,294
349,293
352,290
355,289
358,286
360,285
365,280
370,274
376,269
380,263
382,260
384,257
386,253
387,250
388,247
389,244
390,241
391,238
392,235
392,232
392,229
391,226
391,223
390,221
388,218
387,216
386,213
384,211
381,207
378,203
376,201
375,200
372,198
371,197
368,196
366,194
364,193
361,193
360,193
358,192
355,191
354,191
352,191
350,191
348,190
346,190
345,190
344,190
343,190
342,190
341,189
342,189
342,188
342,187
343,186
344,184
346,180
349,173
352,165
356,155
358,150
360,145
361,139
362,133
363,127
363,121
363,116
363,110
362,105
360,101
354,89
352,87
350,85
348,82
344,80
342,78
339,76
333,73
330,72
328,70
324,69
321,69
318,68
315,67
312,67
308,67
305,67
302,67
299,67
296,67
292,68
289,69
287,69
284,70
280,72
278,73
272,75
267,78
262,81
257,85
254,87
252,89
251,89
250,90
249,91
248,91
248,92
247,92
246,92
246,91
245,91
244,89
241,87
239,84
235,79
229,74
226,72
223,69
219,67
215,65
210,64
205,62
200,61
195,61
192,61
188,61
184,62
180,63
176,64
172,65
168,66
164,68
160,69
156,72
148,76
141,81
134,86
128,91
122,97
116,103
112,109
107,115
105,117
104,121
102,123
101,125
100,129
100,131
99,133
98,136
98,137
98,140
98,141
99,144
99,145
100,146
100,148
100,149
101,150
103,152
104,153
106,156
108,157
109,158
110,159
111,159
112,160
113,161
114,161
115,161
116,161
117,161
118,161
119,161
118,161
117,160
115,161
112,161
111,161
108,161
105,161
103,162
100,163
96,164
94,165
91,166
87,168
84,169
81,171
78,173
75,176
69,181
64,185
58,191
53,197
52,200
50,202
48,205
47,209
45,212
44,215
44,217
43,221
42,223
42,225
42,228
41,230
42,234
42,236
43,238
44,240
45,242
47,244
48,245
50,247
52,248
53,249
55,250
56,251
58,252
60,253
62,253
64,254
66,254
69,255
72,256
74,256
76,256
79,256
81,256
84,256
85,256
88,255
90,255
96,253
100,253
101,253
103,252
104,251
106,251
108,250
111,249
112,249
113,248
114,248
115,248
116,248
116,249
115,250
114,251
113,252
112,253
110,257
107,261
104,265
103,269
101,272
98,277
96,285
94,291
93,294
92,297
92,301
91,304
91,307
90,310
90,313
90,316
90,321
90,323
91,326
91,329
92,331
92,333
93,335
95,337
96,339
98,341
100,343
101,345
103,346
104,347
107,349
108,349
110,350
112,351
115,352
117,353
120,353
122,353
125,353
130,353
132,353
135,352
137,351
140,350
144,349
146,349
149,348
152,346
154,345
156,344
159,342
161,341
165,337
169,334
173,331
176,329
178,326
180,325
180,323
180,322
181,321
182,321
182,319
182,318
183,317
182,317
182,316
183,316
183,317
184,317
185,319
186,321
188,322
190,325
193,328
195,329
196,330
200,333
204,335
205,337
207,337
209,338
211,338
213,339
216,340
219,340
221,340
224,339
227,339
229,338
232,337
235,336
237,334
243,330
248,326
254,321
260,316
264,312
264,311
END
