five_point_star
BEGIN
144,321
145,306
146,297
148,286
149,269
151,253
153,239
155,226
156,214
158,202
160,189
161,177
164,165
165,153
166,142
167,137
167,133
168,129
168,124
168,121
168,118
168,113
168,109
168,105
168,102
168,101
167,100
167,99
167,98
167,97
167,96
167,97
168,98
168,99
169,100
170,102
172,104
173,107
175,110
178,115
183,123
188,132
194,142
200,153
207,165
213,177
220,188
226,199
231,206
235,213
239,221
243,228
248,235
252,242
257,249
261,257
266,264
271,271
276,278
280,285
284,291
287,297
290,302
292,306
295,310
296,313
297,314
298,316
298,317
299,317
299,318
300,319
300,320
300,319
299,319
299,318
298,317
297,317
296,316
293,313
289,311
285,308
280,304
276,300
271,295
265,291
260,287
255,283
249,278
243,273
236,269
230,263
223,257
216,251
208,245
201,240
194,235
186,230
179,225
172,221
164,218
158,215
152,212
145,209
139,206
133,204
128,201
123,198
117,196
112,193
107,190
103,188
100,186
98,185
96,185
96,184
95,184
94,183
93,183
93,182
92,182
92,183
93,183
94,184
95,184
96,184
98,185
101,185
104,185
106,186
110,186
114,186
118,186
123,186
128,186
133,185
138,185
144,185
151,184
158,182
172,180
184,177
197,175
211,172
224,169
237,165
250,162
263,158
274,155
284,152
293,149
302,147
307,146
311,145
313,145
315,145
316,145
317,145
318,145
319,145
318,145
317,145
316,145
316,146
315,146
314,147
312,148
311,149
309,149
306,152
301,155
296,158
289,162
283,167
276,173
268,178
261,185
251,193
240,202
232,211
223,219
215,228
206,236
198,245
190,253
182,262
175,271
167,280
158,288
151,296
144,302
140,306
136,310
132,313
130,315
128,316
127,317
126,318
125,318
124,319
124,320
125,320
126,320
127,320
END
BEGIN
132,299
132,279
132,269
132,260
132,250
132,240
132,227
131,220
131,213
131,201
131,189
130,182
130,177
130,165
131,153
131,143
131,132
132,121
132,117
132,111
132,106
132,101
132,96
133,91
133,86
134,82
135,77
136,70
136,65
137,58
138,53
139,47
140,43
140,39
140,37
140,35
140,33
140,32
141,32
142,32
143,32
144,33
144,34
145,35
148,38
149,41
152,46
154,52
156,58
159,65
161,74
164,82
166,90
169,100
173,112
178,124
183,135
187,146
190,157
194,167
198,178
203,189
208,200
212,210
216,220
219,229
223,239
227,249
231,257
234,266
237,274
239,280
240,285
241,290
243,295
244,300
244,303
244,305
245,308
245,309
245,310
246,311
246,312
245,312
245,311
244,311
244,310
244,309
243,309
242,308
240,306
237,305
233,301
228,297
224,293
217,289
211,284
204,278
197,273
189,268
182,262
172,256
164,251
156,246
148,240
138,233
132,229
125,225
120,221
113,217
108,213
103,209
98,205
94,202
91,199
88,197
86,195
84,193
84,192
82,191
82,190
82,189
83,189
84,189
86,187
92,185
98,182
105,180
115,177
128,173
142,169
155,165
168,161
179,157
189,154
194,153
200,152
205,151
211,150
215,149
216,149
218,149
219,149
220,149
221,149
222,149
223,150
223,151
223,152
223,154
223,156
222,157
221,159
220,161
219,164
217,167
215,170
212,173
207,181
198,191
188,202
179,213
168,225
159,237
151,248
143,259
135,269
128,278
123,286
119,294
116,299
115,303
113,306
112,309
112,311
112,312
111,313
111,314
111,313
112,313
END
BEGIN
173,371
168,356
167,349
164,341
163,333
160,325
158,316
154,303
151,291
148,279
144,267
142,255
139,243
136,231
132,219
128,207
124,195
121,183
119,171
116,159
115,148
112,136
111,125
108,114
106,105
103,95
100,85
98,77
97,72
96,66
95,61
94,57
94,54
93,53
93,51
93,49
94,49
95,49
96,49
96,50
97,51
98,52
100,53
100,54
102,56
103,57
104,60
106,62
108,65
110,69
112,75
116,81
119,87
123,94
127,102
132,110
136,119
142,130
149,141
156,152
161,162
167,173
172,184
179,194
184,205
188,215
193,225
199,235
204,245
209,256
214,265
217,276
222,285
226,294
230,303
233,311
236,319
238,325
240,330
242,336
243,341
244,346
245,351
246,355
247,358
248,360
248,362
248,364
248,365
248,366
247,366
245,365
242,363
238,361
233,358
228,355
221,351
214,348
207,344
200,340
192,337
184,333
176,329
168,326
160,323
148,319
137,315
130,313
123,311
116,309
108,308
101,306
94,305
87,304
80,302
75,301
71,300
68,299
65,299
64,298
62,297
61,297
60,297
60,296
60,295
60,293
61,291
63,289
64,287
67,285
69,282
75,277
82,271
92,261
104,252
117,243
130,233
143,225
155,217
168,209
180,201
191,193
202,186
212,180
222,175
231,170
235,168
239,166
243,165
244,165
245,164
246,164
248,164
249,164
250,164
251,164
252,165
253,166
253,168
253,169
253,170
253,172
252,174
252,177
252,180
251,182
249,185
248,189
245,196
243,199
241,203
236,211
229,222
223,234
217,245
211,256
205,265
200,276
196,285
192,295
187,304
183,313
178,321
175,329
172,335
172,338
171,341
169,347
168,353
167,358
166,364
165,369
165,371
164,373
164,375
164,377
164,378
164,380
164,382
164,384
164,385
164,387
164,388
164,389
164,390
END
BEGIN
276,365
272,353
271,348
269,341
267,333
264,325
261,318
259,311
256,304
252,295
249,287
245,276
241,264
236,252
232,241
228,230
224,220
220,209
216,198
210,187
205,176
200,165
196,154
192,145
188,134
183,125
178,116
173,108
169,101
167,96
163,90
159,85
155,81
151,77
147,73
145,72
143,71
141,69
139,69
136,68
134,68
132,67
130,67
128,68
126,68
124,69
122,69
120,70
118,71
116,73
114,74
110,77
108,80
106,81
104,84
102,86
98,92
95,98
91,105
87,113
82,124
76,136
72,148
69,159
68,165
66,171
64,183
61,194
59,205
56,217
54,228
51,240
49,252
48,258
47,264
46,270
46,277
45,282
44,288
44,293
44,299
44,305
44,309
44,314
44,319
44,329
44,332
44,337
45,341
46,345
47,349
48,353
49,356
50,359
52,364
54,369
56,373
58,375
59,377
60,379
62,381
64,383
66,384
68,385
70,387
72,388
74,389
76,389
78,390
80,390
83,390
88,390
90,389
93,389
96,388
99,387
101,385
104,385
110,381
117,377
120,374
124,371
132,363
142,353
152,345
160,334
169,324
178,313
187,302
196,290
204,279
212,267
219,255
227,244
233,233
240,222
245,212
251,201
256,192
261,182
264,173
268,165
268,161
269,158
269,156
270,153
270,151
271,149
271,146
271,145
271,141
271,139
270,137
270,136
269,134
268,133
268,131
267,129
265,129
264,127
262,126
260,125
258,125
256,125
254,124
252,124
249,123
247,123
244,123
240,123
238,124
234,124
231,125
228,125
224,126
220,127
216,128
208,130
196,134
185,138
174,142
163,147
152,152
141,156
132,160
121,164
112,168
103,171
94,175
85,178
77,182
72,185
67,188
61,190
56,193
51,195
46,198
43,201
39,203
36,205
33,207
32,209
31,209
30,211
29,212
28,214
26,217
25,217
24,219
24,220
24,221
24,223
24,224
24,225
24,226
24,228
24,229
24,230
24,232
24,233
25,234
26,236
27,237
28,241
29,244
31,247
32,250
35,253
36,256
38,258
40,260
42,262
47,266
51,270
55,273
60,277
64,281
70,285
76,289
81,292
88,296
94,299
100,302
107,305
114,308
121,310
128,313
136,317
144,319
151,322
158,325
166,328
173,330
180,333
188,336
196,338
202,341
209,344
216,346
224,349
230,351
237,353
244,356
250,358
256,361
260,362
265,365
270,366
275,369
280,370
284,372
286,373
288,375
291,376
293,377
296,378
298,379
299,380
300,380
300,381
301,381
302,382
END
BEGIN
349,350
339,336
335,329
331,323
327,317
323,310
318,304
313,296
308,289
301,277
295,266
288,255
280,245
274,234
268,223
261,213
254,202
248,191
240,181
233,170
227,160
220,150
214,140
208,130
204,121
200,113
200,112
203,104
198,120
196,128
194,136
191,145
188,153
183,166
178,179
173,191
169,202
165,213
160,225
156,236
151,248
147,259
143,270
140,281
136,292
133,301
130,311
127,320
124,328
123,333
121,339
120,345
119,350
117,356
116,361
116,365
115,369
114,371
114,373
113,374
113,375
114,376
114,375
115,374
116,374
119,371
123,366
129,360
139,350
150,338
164,325
178,309
192,295
204,284
220,266
236,251
250,237
262,226
272,216
281,207
287,202
292,197
298,190
304,185
309,180
312,177
316,173
319,170
321,168
324,165
326,163
328,162
328,161
329,161
331,161
326,164
311,165
307,165
302,165
297,166
287,168
276,169
262,173
248,176
234,179
220,182
206,186
192,189
171,194
159,197
148,199
136,201
125,203
114,205
104,207
93,209
86,210
84,211
87,221
100,225
105,227
113,229
120,233
128,235
136,239
144,242
157,248
170,253
182,258
195,264
207,269
219,273
231,278
243,283
254,289
265,294
276,299
287,304
298,309
309,314
320,319
331,325
342,330
352,336
362,341
369,345
371,346
END
BEGIN
282,332
279,317
276,311
274,303
272,295
270,286
266,274
263,261
259,249
255,236
251,224
248,212
244,200
242,188
239,176
235,164
231,152
227,141
224,130
220,120
217,110
214,101
211,93
208,85
204,77
203,72
200,67
199,63
198,59
196,56
196,53
195,50
194,48
193,45
193,44
192,43
192,42
192,41
192,40
191,41
191,40
185,50
178,61
176,65
174,70
172,77
169,85
168,91
165,98
164,105
160,113
158,121
155,129
152,137
148,146
146,154
142,166
138,177
136,185
132,191
129,198
126,205
124,213
120,219
118,225
116,232
112,237
110,243
107,249
104,253
101,258
98,263
96,267
94,271
92,274
91,277
90,279
88,281
88,283
87,285
86,286
85,288
85,289
84,289
84,290
84,291
84,292
84,293
84,294
83,294
83,295
83,296
83,297
84,297
84,296
84,295
84,294
85,294
87,293
88,292
91,290
94,289
97,287
100,285
104,283
109,281
115,278
120,276
126,273
132,270
139,267
146,264
153,261
160,257
168,254
176,251
183,248
191,245
199,241
207,238
215,235
222,231
229,227
237,223
244,220
252,217
258,213
264,209
271,205
276,202
282,198
287,195
292,191
297,187
301,184
306,181
308,179
311,177
313,175
314,174
316,173
316,172
317,172
317,171
317,170
67,149
78,155
81,157
84,159
88,161
94,166
100,172
107,177
113,182
120,188
126,193
132,197
138,201
144,206
150,210
156,215
162,219
168,224
175,228
181,233
188,237
194,243
200,248
206,253
212,257
218,262
224,266
228,271
234,275
239,279
244,283
248,286
252,290
256,293
258,296
260,297
263,300
265,301
267,303
268,304
269,305
271,306
272,307
272,308
273,308
273,309
274,309
274,310
273,310
273,311
273,312
272,312
273,312
274,311
313,197
301,194
295,192
288,189
281,187
275,185
268,183
260,181
252,178
244,175
236,173
225,169
213,165
203,162
192,158
181,155
171,151
161,148
152,145
142,143
133,141
130,140
127,140
121,139
115,137
112,137
109,137
107,137
104,137
99,137
94,137
90,137
86,137
82,138
79,138
77,138
76,138
75,139
74,139
72,139
71,140
70,140
69,141
68,141
67,141
66,141
66,142
66,141
67,141
END
BEGIN
300,333
296,318
296,311
294,304
292,296
291,288
288,279
285,266
282,253
278,241
275,229
272,217
268,205
265,191
261,178
255,157
248,140
244,125
241,116
238,107
235,98
232,89
228,81
226,74
225,73
119,325
128,314
131,311
133,308
136,303
140,297
143,292
147,285
150,280
153,275
156,269
158,264
160,257
163,251
165,245
168,238
170,232
172,225
176,218
178,211
180,204
184,197
186,189
188,182
191,176
193,169
196,164
199,157
202,152
204,146
207,141
209,135
212,130
214,125
216,120
217,115
219,110
220,106
222,102
224,98
225,95
227,91
228,89
229,85
231,83
232,81
233,79
234,77
235,75
236,74
236,73
236,74
236,75
235,76
235,75
280,333
266,320
258,315
252,310
244,305
237,301
229,295
219,288
212,282
204,277
194,269
184,261
174,255
165,248
156,242
147,237
138,232
129,227
120,222
112,217
107,215
101,212
96,209
92,207
86,204
81,201
76,199
73,197
70,195
68,193
66,192
64,191
63,190
62,189
61,189
60,189
109,317
122,315
124,315
128,314
129,314
131,313
136,313
140,312
147,310
150,309
152,308
160,305
166,303
172,301
179,297
186,294
193,291
200,287
207,284
215,281
222,277
229,274
237,271
245,268
252,264
260,261
268,257
276,253
283,250
291,247
298,244
305,241
312,238
320,236
327,233
333,231
339,229
345,225
351,224
356,222
360,221
364,219
367,218
370,217
372,216
374,216
376,215
376,214
378,214
379,213
380,213
379,213
378,212
377,212
73,202
87,197
91,195
92,194
95,194
96,193
99,193
101,193
103,193
107,193
110,193
113,193
116,193
120,193
124,194
127,194
130,195
136,197
143,198
149,201
156,203
164,205
172,209
180,211
188,213
197,217
209,220
221,223
232,225
243,227
253,229
259,229
264,230
274,232
284,233
293,235
304,237
313,237
323,239
332,240
338,241
341,241
344,241
348,241
351,241
357,241
363,241
368,241
375,241
377,240
380,240
382,240
384,240
389,239
392,239
392,238
394,238
396,238
397,237
398,237
399,237
400,237
401,237
402,237
END
BEGIN
126,222
139,221
141,221
143,221
145,221
147,221
151,220
154,220
157,220
160,219
163,219
166,219
172,218
177,217
184,217
191,217
198,216
204,215
212,214
219,213
225,213
229,213
232,212
240,211
243,210
247,210
250,209
253,209
256,209
259,209
264,207
270,206
276,205
278,205
280,205
284,204
287,203
289,202
292,201
293,201
296,200
297,200
300,199
301,199
302,198
303,198
304,198
305,198
305,197
306,197
306,198
305,199
305,200
304,200
304,201
303,201
302,202
300,204
298,206
296,208
292,210
290,212
285,215
282,217
279,221
275,223
271,226
265,230
260,233
256,237
252,241
247,244
243,248
237,252
232,256
228,260
224,264
220,267
215,271
210,275
205,278
200,282
196,285
192,289
187,293
183,297
178,300
174,303
171,305
167,309
164,311
160,314
157,316
155,318
152,320
151,321
149,322
148,324
147,325
146,325
145,325
144,326
143,326
143,325
143,324
143,321
143,320
144,318
144,316
144,313
144,309
145,305
147,298
148,289
151,281
153,271
156,261
158,252
160,245
161,237
163,230
164,222
166,214
168,205
169,193
171,185
172,177
175,165
177,155
180,145
181,138
183,132
184,125
186,118
187,112
188,105
190,99
191,93
192,89
193,84
193,81
194,79
195,77
195,76
196,75
196,74
196,73
196,74
196,75
196,76
196,78
196,80
197,81
198,83
198,85
200,89
201,94
203,101
204,107
206,113
208,121
209,129
211,136
212,143
213,151
215,158
216,166
218,174
220,182
221,189
224,197
226,205
229,214
233,225
236,237
240,247
243,257
244,263
247,269
250,276
252,281
255,287
257,293
259,297
261,301
263,305
264,308
264,310
265,312
265,313
266,313
266,314
266,315
267,315
267,316
266,316
265,315
264,315
262,313
259,312
256,310
252,308
248,305
245,302
240,298
235,295
231,292
228,289
224,286
220,284
216,281
211,277
208,276
204,273
200,272
197,269
192,267
188,264
183,261
178,258
174,255
169,252
164,248
159,245
154,241
149,239
146,237
144,235
141,233
139,232
136,230
136,229
135,229
133,229
132,228
132,227
131,227
131,226
131,225
132,225
132,224
131,224
131,223
130,221
130,220
END
BEGIN
267,342
267,329
266,325
266,321
266,317
265,313
265,309
264,305
264,301
263,293
262,285
260,276
259,270
257,264
254,252
251,241
248,230
244,220
242,209
239,198
235,187
231,177
228,168
224,158
222,150
220,142
218,137
217,131
216,125
215,121
213,116
212,112
212,109
212,108
211,105
211,104
210,104
209,104
208,104
207,105
206,105
205,105
204,107
204,108
203,109
202,110
201,112
200,113
200,116
199,118
197,123
196,129
194,134
192,141
190,148
188,155
185,162
181,169
178,177
175,185
171,193
168,201
164,209
160,217
155,224
151,231
147,239
144,246
140,254
136,261
132,269
128,276
125,283
122,289
120,296
117,301
115,307
112,312
111,316
109,319
108,321
107,324
106,326
104,328
104,329
104,330
103,331
103,332
102,333
103,333
103,332
104,332
105,331
106,330
108,329
111,327
114,325
118,323
121,321
127,318
132,315
138,312
144,309
150,307
156,305
163,301
170,299
176,297
184,293
190,290
197,287
204,284
211,280
218,277
225,273
232,269
239,266
246,262
252,259
260,255
267,252
273,249
280,245
285,243
292,241
297,238
303,236
308,234
312,233
316,231
320,229
322,229
324,228
326,227
327,227
328,226
328,225
328,226
327,226
325,226
324,226
321,226
319,226
317,226
312,225
306,225
304,224
300,224
293,222
286,221
282,221
279,220
271,217
263,216
254,213
245,211
236,209
224,205
212,201
200,198
190,196
180,193
171,190
161,188
155,186
148,185
142,183
139,182
136,182
129,181
124,180
118,179
116,178
112,178
110,177
108,177
106,177
104,177
102,177
101,177
99,177
97,177
96,177
95,177
94,177
93,177
92,177
93,177
94,177
95,177
96,177
97,177
98,177
99,177
100,178
101,179
104,181
107,182
110,185
115,188
120,191
124,195
129,199
134,203
140,208
145,213
151,218
156,224
161,229
168,234
173,240
179,245
184,251
190,257
196,262
201,269
207,273
212,279
217,284
222,289
227,293
231,297
235,301
238,304
240,306
243,308
245,309
248,311
250,313
252,313
253,314
254,314
255,315
256,316
256,317
257,317
257,318
256,318
256,319
256,320
256,321
257,323
258,325
259,326
260,328
262,331
264,334
265,337
266,338
268,340
268,341
269,342
270,343
271,344
272,344
END
BEGIN
124,328
138,322
142,320
145,317
148,316
152,313
156,310
160,306
166,301
172,296
176,291
180,286
185,281
190,276
195,270
200,265
205,258
209,253
215,247
220,241
225,236
231,231
240,221
244,216
248,211
252,207
256,202
260,197
263,193
266,189
269,185
272,181
274,180
275,178
276,177
277,177
277,176
278,175
278,174
277,174
276,174
275,174
273,174
272,174
267,175
261,176
258,176
254,176
250,176
246,176
237,176
229,176
226,176
223,175
216,174
209,174
203,173
196,173
189,173
186,173
183,172
176,172
169,172
166,172
163,172
156,172
150,171
144,171
138,171
132,171
127,171
121,170
116,170
114,170
112,170
108,169
104,169
102,169
100,169
97,169
96,169
95,169
94,169
93,169
92,169
91,169
90,169
89,169
90,169
90,170
91,171
92,173
94,174
96,177
100,179
104,183
112,190
120,197
130,206
140,215
151,225
163,235
173,245
185,257
195,265
200,271
206,277
212,282
218,287
224,293
229,297
234,301
239,306
244,310
248,314
252,317
256,321
259,325
261,327
263,329
264,330
265,332
266,333
267,333
268,334
268,335
268,334
268,333
268,332
267,330
266,329
264,326
262,322
259,317
256,312
252,305
249,298
245,291
242,283
238,276
234,268
230,260
227,252
224,245
221,237
219,229
216,221
213,213
209,202
205,192
203,185
200,177
198,170
196,163
194,156
192,149
189,141
187,134
184,127
182,120
180,114
178,109
176,105
176,101
175,98
175,97
175,96
174,94
174,93
174,92
174,91
174,90
173,90
173,91
172,92
172,93
172,95
172,96
171,98
170,101
170,102
169,104
169,106
169,108
168,112
168,116
168,120
167,125
166,132
165,137
165,144
164,150
164,157
163,163
162,170
160,177
160,184
158,191
157,197
156,204
154,210
152,217
151,224
149,230
148,237
146,245
145,251
144,257
144,265
143,271
142,277
141,284
141,290
140,296
140,301
140,307
140,313
139,317
139,320
138,322
138,324
138,325
137,327
137,328
137,329
136,330
136,333
135,334
135,336
134,337
133,337
133,338
132,339
132,340
132,341
131,341
130,341
130,342
129,342
128,343
128,342
128,341
129,341
128,341
128,340
END
BEGIN
113,340
122,329
124,327
126,325
128,321
132,317
134,313
138,308
142,302
147,296
151,290
155,284
159,278
163,271
167,264
171,256
176,248
181,237
186,226
190,216
195,205
200,194
204,184
208,174
212,165
216,157
219,148
222,140
225,134
228,129
231,124
233,118
236,113
238,107
240,102
241,98
243,94
244,92
244,90
245,89
246,88
246,87
246,86
247,85
246,85
245,85
244,85
244,86
243,86
241,87
240,87
236,88
233,89
229,89
223,91
220,92
216,92
210,93
203,94
199,95
195,95
187,96
180,97
176,97
172,97
164,98
156,99
148,100
144,100
139,100
131,101
124,101
116,101
112,101
108,102
105,102
102,103
96,104
89,105
84,105
79,105
75,106
72,107
69,107
67,108
65,108
64,108
63,109
62,109
61,109
60,109
61,109
62,109
64,111
65,113
68,115
72,119
77,123
84,128
89,133
96,139
102,145
108,150
116,157
123,162
133,172
144,181
153,189
163,197
172,205
181,213
190,221
199,229
208,237
216,244
224,253
231,260
237,267
241,271
245,275
249,279
253,283
256,285
257,287
259,289
260,290
260,291
260,292
261,292
261,293
261,292
261,291
261,290
260,290
260,289
260,288
260,287
260,286
260,285
259,284
258,281
256,277
255,273
253,268
251,261
249,254
247,246
244,238
241,230
239,221
233,209
228,197
224,185
220,173
216,163
212,153
208,142
204,133
200,123
196,114
193,105
191,97
188,89
185,80
182,71
179,62
175,53
172,45
169,39
168,33
165,28
163,22
160,17
158,13
156,9
155,8
154,6
153,5
153,4
152,4
152,3
151,4
151,5
150,6
150,8
150,9
150,10
149,12
149,13
149,17
148,23
148,29
148,35
147,41
146,47
145,53
144,61
144,67
143,74
143,82
142,89
141,97
140,105
140,114
140,122
139,131
138,140
138,148
137,156
136,165
136,173
136,181
135,189
134,197
133,204
133,208
132,211
132,214
132,217
131,224
130,229
128,236
128,242
127,248
126,254
125,257
125,260
124,262
124,265
124,269
124,271
124,277
124,281
124,285
124,288
123,291
123,294
123,297
122,300
122,302
122,305
122,307
121,309
121,310
121,312
121,313
120,314
120,315
120,317
120,318
120,319
120,321
120,322
120,323
120,324
120,325
120,326
120,327
120,328
121,329
121,330
121,331
121,332
121,333
121,334
121,335
121,336
121,337
121,336
121,335
121,334
122,333
END
BEGIN
116,227
117,209
117,199
118,189
118,180
118,171
118,162
118,153
118,145
118,137
118,129
118,121
118,114
118,107
119,101
119,95
119,89
119,85
119,82
119,80
119,78
119,77
119,76
119,75
119,74
119,73
120,73
120,74
120,75
121,77
122,79
123,82
124,85
126,88
128,92
131,97
133,101
135,107
137,112
140,117
142,122
144,127
148,133
154,143
156,149
160,153
162,158
164,163
166,168
168,173
169,177
171,182
172,186
174,189
175,192
176,194
178,197
179,200
180,201
180,203
181,204
181,205
182,205
182,206
183,206
183,207
183,208
184,208
184,207
185,206
188,204
193,201
199,197
207,190
216,185
224,178
233,172
242,166
251,161
259,156
267,151
274,147
280,143
287,139
292,136
298,133
303,130
306,129
308,128
310,127
312,126
313,125
314,125
314,126
313,126
313,127
312,127
312,128
312,129
311,129
309,131
308,133
306,137
304,141
300,146
298,152
294,157
290,164
286,170
282,177
278,185
274,191
270,197
266,204
261,211
257,217
253,224
250,230
248,236
245,241
243,245
242,247
241,249
240,250
240,251
240,252
240,253
239,253
239,252
122,233
109,241
104,245
95,250
88,254
81,258
75,262
68,265
62,269
55,272
49,275
44,278
37,281
32,284
27,286
23,289
21,289
20,290
19,291
18,291
17,291
16,292
15,293
14,293
15,293
16,293
17,293
20,294
21,294
24,294
28,294
35,294
40,294
44,294
50,293
56,293
61,293
67,293
80,291
86,290
92,289
105,288
117,286
128,285
135,283
138,282
141,282
148,281
153,281
157,280
160,280
161,280
162,279
164,279
165,279
166,279
167,279
168,278
167,278
167,279
166,279
166,281
166,283
166,285
165,286
165,290
164,296
164,303
162,310
161,318
160,326
158,333
156,341
155,349
153,357
152,364
151,371
149,377
148,383
148,388
148,391
147,393
147,394
147,396
147,397
147,398
147,399
147,400
147,401
147,400
148,400
148,399
148,398
150,396
152,393
154,389
157,384
160,377
163,371
167,363
172,356
176,348
181,341
185,333
190,326
195,320
200,314
204,309
208,305
209,303
212,301
212,300
213,298
214,297
215,297
216,297
216,296
216,297
217,297
219,297
220,297
223,297
224,297
226,297
228,297
234,298
237,298
240,298
247,298
253,298
260,298
268,297
271,297
275,297
278,297
282,297
285,297
289,296
296,296
303,295
306,295
308,294
311,294
314,294
319,293
320,293
323,293
328,293
329,293
331,293
333,292
336,292
337,292
338,292
339,292
340,292
341,292
341,291
340,291
339,290
337,290
335,289
332,288
328,286
325,285
320,282
316,281
312,279
308,277
304,275
300,273
296,271
290,269
285,267
280,265
276,262
271,261
267,258
262,257
259,255
256,254
253,253
251,252
250,251
248,251
248,250
246,249
245,249
244,249
244,248
244,249
244,248
END
BEGIN
152,205
148,194
148,190
147,185
146,181
145,177
144,173
144,169
143,167
142,163
142,160
141,158
140,156
140,155
140,154
140,153
140,152
140,151
140,150
140,149
140,150
141,151
142,151
143,153
145,154
148,157
152,159
156,162
161,166
166,169
169,172
172,174
173,175
174,176
175,176
175,177
176,177
178,179
181,181
184,181
189,185
157,213
146,222
140,227
133,232
129,235
127,237
124,238
124,240
123,240
122,241
121,241
120,241
120,242
119,243
118,243
117,244
116,244
116,245
115,245
114,245
114,246
113,246
112,247
112,246
113,246
115,246
117,246
120,246
124,245
125,245
127,245
129,245
131,245
136,245
138,245
140,245
144,245
147,244
148,244
152,244
153,244
154,244
155,244
156,244
157,244
158,244
159,244
160,244
183,192
192,182
196,178
202,173
207,169
212,165
216,161
220,157
224,153
227,152
229,150
230,149
232,148
232,147
233,147
234,146
235,146
235,145
236,145
236,146
236,147
236,149
236,150
236,153
236,156
236,158
236,164
235,169
234,177
233,182
233,187
233,188
232,189
232,192
232,193
232,195
232,196
232,197
232,201
232,204
164,242
165,256
165,261
166,268
167,274
168,280
168,286
168,292
169,294
169,298
170,300
170,301
170,302
170,303
170,304
170,305
170,306
171,306
172,305
172,304
173,301
175,297
176,293
179,288
180,282
183,277
184,270
187,263
188,255
190,249
192,245
192,241
193,239
193,237
194,236
194,235
194,234
194,233
195,233
195,232
195,231
195,230
196,229
196,228
196,227
196,226
196,225
196,225
209,228
212,228
219,229
222,229
225,229
229,229
233,229
240,229
244,229
248,228
251,228
254,228
258,228
261,227
268,226
275,226
281,225
284,225
287,225
292,225
295,224
298,224
302,224
303,224
304,224
306,223
308,223
309,224
311,224
315,224
226,201
240,205
247,207
253,209
260,210
263,211
266,212
272,213
279,214
284,215
290,216
293,217
296,217
299,218
301,219
306,220
309,221
312,221
314,222
316,222
316,223
317,223
319,223
320,223
321,223
324,223
327,223
330,224
END
BEGIN
138,68
141,81
142,85
143,93
143,96
144,99
144,106
144,113
145,120
146,126
146,133
147,138
148,142
148,146
148,147
148,149
148,150
148,151
148,152
148,153
149,153
149,154
149,155
149,156
149,157
150,157
150,158
150,159
150,160
150,161
151,161
137,72
148,78
152,81
154,82
159,85
164,89
170,92
176,96
181,99
185,101
190,104
194,106
199,109
202,110
204,112
206,113
207,113
208,113
208,114
209,114
210,114
210,115
211,115
212,115
214,113
229,105
236,101
242,97
248,93
255,88
261,84
268,79
276,75
282,71
288,67
295,63
301,60
306,57
310,55
312,53
313,53
315,52
316,52
316,53
316,54
313,58
309,63
304,71
299,79
292,89
284,101
278,112
272,120
266,130
261,137
256,145
253,151
250,157
248,161
245,165
244,168
244,170
243,172
242,173
242,174
241,174
242,173
243,172
242,173
151,161
136,171
130,176
122,181
115,186
108,191
101,195
95,199
88,203
82,207
76,211
71,215
65,219
60,223
55,226
50,229
48,231
46,232
45,233
44,233
44,234
43,235
44,235
48,235
49,235
52,235
55,234
58,234
62,233
66,233
76,231
87,229
92,228
99,226
111,224
119,221
127,219
136,217
144,215
151,213
158,212
162,211
165,210
172,209
178,209
182,208
185,207
188,207
190,206
191,206
192,206
193,205
194,205
195,205
196,205
192,208
183,221
177,230
171,240
165,249
160,257
154,265
149,273
145,282
139,293
134,305
129,315
126,325
124,333
122,339
120,345
120,349
119,352
118,353
118,354
118,355
118,356
119,356
120,355
120,354
122,353
123,352
125,350
127,348
131,341
136,333
143,323
152,309
160,297
167,285
175,273
182,261
189,249
196,239
203,230
208,223
211,219
213,216
215,213
216,212
216,211
217,210
217,209
218,209
219,209
220,209
216,208
231,208
235,208
239,207
243,207
247,207
251,206
255,205
264,205
272,204
280,202
289,201
298,201
306,199
315,197
324,197
332,196
340,194
348,193
356,193
363,192
368,191
372,191
374,191
376,191
379,191
381,190
383,190
384,190
384,191
235,173
249,177
256,178
260,179
264,180
272,181
276,182
280,183
285,183
289,184
299,185
303,185
307,185
312,185
316,185
324,185
328,185
332,185
336,185
340,184
344,184
348,184
356,184
359,183
362,183
368,183
371,183
373,183
379,183
384,183
386,183
388,183
389,183
390,183
391,183
392,183
392,184
END
BEGIN
131,197
128,209
127,216
126,222
124,230
124,237
123,245
121,253
120,261
119,269
117,277
116,285
115,293
114,299
113,305
112,309
112,312
112,314
112,316
112,317
112,318
112,317
114,315
116,310
120,305
124,298
128,290
133,281
139,273
144,265
149,257
153,250
157,244
160,240
162,237
163,235
164,233
164,232
165,231
166,230
167,229
167,230
168,231
168,232
170,232
172,232
176,233
180,233
186,233
197,233
200,233
208,233
216,233
224,233
228,233
232,233
236,233
240,233
244,232
248,232
252,232
256,231
263,230
266,230
270,230
276,229
282,229
284,229
288,229
290,229
292,229
297,228
300,228
302,228
304,227
305,227
308,227
311,227
312,227
314,227
315,227
316,227
317,227
317,226
317,225
316,225
316,224
315,223
314,222
313,221
311,220
308,218
306,216
304,213
301,211
299,208
296,203
292,198
288,194
284,189
280,185
277,181
273,177
270,173
267,169
264,165
261,162
259,160
256,157
255,155
253,154
252,153
252,152
251,151
250,151
250,150
249,150
249,149
250,149
250,150
251,150
138,200
124,201
120,201
116,202
113,202
110,203
103,204
95,205
88,206
85,207
82,208
76,209
70,210
64,211
62,211
59,211
56,212
53,212
51,212
50,213
49,213
48,213
48,212
47,212
46,212
46,211
47,211
48,210
48,209
51,208
55,205
60,201
67,196
75,190
84,185
92,180
100,175
104,173
106,172
108,171
108,170
109,170
110,169
111,169
112,169
112,168
248,152
261,140
269,133
276,128
283,121
290,116
296,112
303,107
308,104
313,101
316,99
318,97
319,97
320,96
320,95
321,95
320,95
319,95
316,95
313,95
311,96
307,96
303,97
293,97
282,99
269,101
253,104
238,106
228,109
217,111
212,113
208,114
202,116
199,117
196,117
190,119
184,121
180,121
178,121
176,122
175,122
174,122
173,122
174,122
173,122
123,167
121,153
120,149
120,145
120,140
120,135
120,131
120,123
120,115
120,108
120,101
120,94
120,88
119,81
118,77
117,72
116,69
116,66
116,64
115,63
115,61
115,60
115,59
115,60
116,60
116,61
119,62
122,64
126,68
131,72
136,76
141,81
148,85
153,91
158,96
163,101
168,105
172,110
176,114
180,118
182,121
184,122
187,125
188,126
189,127
191,128
192,128
192,129
193,129
194,129
196,129
131,162
117,167
116,168
114,169
END
BEGIN
155,201
152,183
152,179
152,175
151,168
150,160
149,153
148,145
148,137
147,129
146,122
145,115
144,108
144,101
144,95
144,89
143,84
143,79
142,76
142,73
142,71
142,70
142,69
142,68
142,67
142,66
143,66
144,66
144,67
144,68
145,68
146,69
148,70
150,73
152,78
156,83
158,87
161,93
165,98
169,105
173,109
177,115
181,121
185,125
188,130
192,136
196,141
200,146
203,151
206,156
208,160
211,164
212,166
213,169
214,170
215,173
216,173
216,174
216,175
216,176
217,176
217,177
218,177
218,178
218,179
219,179
219,180
219,181
220,181
220,182
220,181
223,181
227,177
232,173
239,168
248,161
258,153
269,146
280,138
289,132
296,128
301,125
307,122
311,120
313,118
316,117
317,117
318,116
319,116
320,116
320,117
320,118
320,119
320,121
318,123
317,125
316,126
314,129
310,133
305,138
301,144
296,150
290,157
284,163
279,169
274,176
269,182
264,188
260,193
256,198
253,202
251,206
248,209
248,213
246,215
245,217
244,219
244,220
244,221
244,222
243,223
243,224
243,223
243,222
243,221
243,220
154,206
140,211
136,213
129,216
120,221
112,224
108,226
106,228
104,229
102,230
96,233
90,237
87,239
84,241
83,241
82,242
81,242
81,243
80,243
80,244
80,245
81,246
82,246
83,247
84,247
85,248
86,249
88,249
90,249
92,250
95,250
99,251
100,251
102,252
108,253
114,253
120,254
125,255
131,256
136,257
140,257
144,257
146,258
148,258
153,259
156,260
158,261
160,261
161,261
164,262
164,263
165,263
166,263
167,264
168,265
168,266
169,267
169,268
169,269
170,270
170,272
170,273
170,276
170,277
170,281
170,283
169,285
169,289
168,292
168,295
167,303
165,309
164,316
162,322
161,328
160,333
160,337
159,339
159,342
158,345
158,346
158,349
158,351
158,354
159,357
159,358
159,359
160,360
160,361
161,362
162,362
163,362
164,362
165,362
167,361
168,360
170,358
172,357
174,354
176,351
179,348
180,345
183,341
185,337
187,333
188,329
190,325
191,321
193,314
196,308
198,301
201,294
203,288
204,283
205,281
205,279
205,277
206,276
206,275
207,274
207,275
208,275
210,276
213,277
217,277
222,279
229,281
233,281
237,282
242,283
247,283
252,284
256,284
261,285
266,285
269,285
273,285
280,285
283,285
286,284
289,284
292,284
296,283
299,283
301,282
304,282
307,281
309,281
311,281
312,280
314,280
315,279
317,278
318,278
319,278
320,277
321,277
321,276
321,275
321,274
320,274
320,273
319,272
317,270
316,269
310,265
304,261
296,257
288,253
279,248
271,244
264,241
259,238
253,236
249,233
244,230
241,228
239,226
237,225
236,225
236,224
236,225
236,224
235,224
END
BEGIN
156,254
155,237
155,230
155,227
155,221
155,218
155,214
155,207
155,201
155,199
154,195
154,192
153,188
153,185
152,177
151,170
150,163
149,156
148,149
148,145
148,142
148,139
148,136
148,133
148,130
147,125
147,122
147,121
147,119
147,117
148,117
149,118
150,119
152,121
152,123
156,128
159,134
162,141
166,149
169,155
173,162
177,170
180,177
184,185
187,191
190,197
192,202
195,207
196,209
198,211
199,213
200,214
201,215
202,216
203,217
204,217
205,218
206,218
207,218
208,218
209,218
211,218
212,218
214,218
216,217
219,217
221,215
224,214
227,213
229,211
232,209
234,207
240,202
246,197
252,191
259,185
266,179
273,173
280,168
288,161
295,157
302,153
308,149
314,145
320,143
322,142
324,141
328,141
329,140
331,140
332,140
333,140
334,141
335,141
336,142
336,143
336,144
336,145
336,146
336,149
335,150
334,153
332,155
331,160
328,165
325,172
323,175
321,178
316,185
312,193
307,200
303,207
300,215
296,221
292,229
288,235
284,241
281,248
279,253
277,257
276,259
275,261
274,263
274,264
273,265
273,266
273,267
276,268
278,268
281,269
285,269
289,269
296,270
300,270
304,271
308,272
314,273
320,274
326,275
328,276
330,276
333,277
336,278
340,279
341,280
343,281
344,281
345,281
346,282
347,282
347,283
348,283
347,283
346,284
345,284
343,285
340,285
337,286
334,287
331,287
324,289
317,290
310,293
306,293
302,294
297,295
290,297
287,297
283,298
276,301
271,301
268,302
266,303
264,303
263,304
260,304
256,306
250,308
246,309
244,310
241,311
240,312
238,313
237,313
236,313
235,313
234,313
233,313
233,314
233,315
234,315
234,316
234,317
233,317
232,320
232,322
230,325
229,329
228,333
226,337
224,340
223,344
221,347
220,351
217,354
216,357
213,361
210,365
208,367
205,370
203,373
202,374
200,375
200,377
199,377
198,377
198,378
197,378
197,379
196,379
196,378
196,376
195,373
195,370
195,365
195,359
196,352
196,348
196,344
196,340
196,336
196,329
197,323
197,320
198,317
198,311
199,307
200,301
200,296
200,293
201,289
201,287
201,285
201,284
202,281
202,278
203,276
203,275
203,273
203,272
203,271
202,271
201,271
200,272
199,273
196,273
195,273
192,274
187,276
180,278
172,281
164,283
157,285
149,289
141,292
133,295
124,298
116,301
108,305
96,309
88,313
81,316
75,318
68,321
63,323
58,325
56,325
53,326
52,327
50,327
49,327
49,326
50,325
52,321
56,317
60,313
64,308
70,301
76,295
82,289
89,283
96,277
103,270
109,265
116,259
122,254
127,250
132,246
136,243
137,241
139,240
140,240
140,239
141,239
142,239
143,239
144,239
145,239
END
BEGIN
202,273
199,259
198,256
198,253
198,248
198,244
198,237
198,233
199,228
199,224
199,220
200,216
200,212
200,208
200,204
200,201
200,197
200,189
200,183
200,177
200,175
200,173
200,171
199,169
199,168
199,166
199,165
199,164
199,163
199,164
200,165
201,169
204,173
206,178
209,185
212,193
216,201
217,205
219,207
220,210
223,213
227,218
231,223
235,226
236,228
239,229
241,230
244,232
247,233
249,233
252,233
255,233
257,233
260,232
263,231
266,230
269,229
272,228
276,226
279,225
285,221
292,217
300,212
307,207
317,200
328,193
335,188
341,184
347,181
352,178
355,176
356,175
358,174
360,173
361,173
360,174
360,175
360,176
357,180
354,185
350,192
344,200
336,212
327,224
319,235
312,245
304,255
299,264
293,272
288,280
282,288
279,293
276,297
274,300
272,302
272,304
272,305
271,305
271,306
271,305
272,305
208,272
193,278
185,283
177,287
169,291
162,294
156,298
149,301
144,305
138,309
133,313
131,316
128,318
125,323
122,327
120,331
119,332
119,333
118,334
118,336
118,337
118,338
118,339
118,340
119,341
120,341
120,342
121,343
123,343
124,343
125,344
127,344
128,344
130,344
132,344
136,343
139,342
142,341
145,341
148,339
155,337
160,333
167,331
173,329
178,326
181,325
184,325
186,324
187,323
188,323
189,323
190,323
191,324
191,325
190,326
190,328
190,329
189,331
188,334
187,339
185,343
184,346
184,348
183,350
183,352
183,353
183,355
182,357
183,360
183,361
183,363
183,365
184,366
184,367
184,369
184,371
185,373
186,375
187,376
188,377
188,378
189,379
189,380
190,380
190,381
191,381
192,381
193,380
195,380
196,378
197,377
199,376
200,374
203,372
204,369
208,364
212,357
216,351
220,344
222,339
224,337
224,335
225,333
226,332
226,331
227,330
227,329
228,329
228,328
228,327
229,327
230,327
231,327
232,328
233,329
236,329
238,331
241,333
247,334
256,337
264,341
275,345
285,348
295,351
304,353
308,355
309,355
311,355
312,355
313,356
314,356
315,356
316,356
317,356
318,356
319,355
319,354
318,354
318,353
317,353
317,352
315,349
312,346
307,342
301,337
296,332
288,326
282,321
280,318
277,316
276,314
274,313
272,311
272,310
271,310
271,309
270,309
END
BEGIN
112,182
113,170
113,166
113,162
114,153
114,142
115,133
115,128
115,123
116,119
116,114
116,105
117,97
118,89
119,84
119,80
119,79
120,77
120,75
120,73
121,75
123,77
124,79
127,83
130,88
133,93
138,99
143,105
149,113
154,119
160,125
164,130
168,135
172,140
175,144
177,146
180,148
181,149
183,151
184,153
185,154
186,154
186,155
187,156
187,157
188,157
188,156
189,155
190,154
191,153
194,149
199,145
204,139
214,131
224,124
236,114
244,109
252,104
257,100
262,97
264,96
267,94
268,93
269,93
270,93
271,93
271,94
271,95
271,96
271,98
270,101
269,103
268,106
266,109
264,113
260,120
256,128
252,137
248,145
244,154
239,162
235,169
231,176
228,181
227,184
226,186
224,188
224,189
224,190
223,191
223,190
224,190
224,189
225,189
115,174
104,184
102,186
99,189
92,194
84,201
75,209
68,214
64,217
61,220
60,221
58,221
58,222
57,222
57,223
56,224
56,225
57,225
58,226
60,226
60,227
63,228
65,228
68,229
71,229
74,229
78,229
82,230
87,230
92,231
96,231
100,231
105,231
108,230
112,230
119,230
125,229
128,229
130,229
132,229
133,229
136,229
137,229
139,229
140,229
141,229
142,229
143,229
143,230
144,231
144,233
144,234
144,237
144,240
144,244
144,248
144,258
144,269
144,282
144,295
144,307
144,317
144,323
144,326
144,329
144,331
145,333
145,334
146,334
146,333
147,333
148,331
151,326
153,321
155,317
156,313
158,306
160,300
164,285
168,272
172,257
177,245
181,233
185,225
187,220
188,217
189,213
190,213
190,211
191,210
192,210
192,211
192,212
193,213
194,213
195,214
197,217
200,218
205,221
210,225
213,226
216,227
220,229
223,229
230,232
234,233
238,234
242,235
246,236
250,236
255,237
262,237
270,238
276,239
283,240
285,240
288,241
292,241
296,241
297,241
300,241
301,241
302,241
301,240
300,239
297,237
292,233
286,228
280,223
272,218
264,214
255,210
247,206
239,203
231,200
224,197
217,194
212,192
208,190
204,189
203,189
202,189
201,188
200,188
200,189
199,189
END
BEGIN
185,212
180,196
179,193
179,189
178,186
177,183
177,181
176,177
176,174
176,171
176,168
176,165
175,161
175,159
175,154
176,149
176,147
176,144
176,141
176,139
177,137
178,135
178,133
179,132
180,129
181,126
182,125
183,122
184,121
184,120
185,120
185,119
186,119
187,119
188,118
188,117
189,117
190,117
192,117
193,117
194,118
196,119
197,120
199,121
200,121
201,123
204,127
205,129
206,131
208,136
212,142
213,147
216,153
217,157
219,161
220,161
220,163
223,166
225,169
226,169
227,170
228,171
229,172
231,173
232,173
233,173
235,173
236,173
238,173
240,173
243,173
245,173
248,172
249,171
252,170
255,169
257,168
260,166
262,164
268,160
272,156
277,152
283,147
288,143
293,138
299,134
304,131
309,127
314,124
319,121
321,120
323,118
325,118
327,117
328,117
329,117
330,116
331,116
332,116
333,116
334,116
335,116
336,117
336,118
336,119
336,120
336,121
336,122
336,124
318,152
313,157
308,162
304,169
300,174
295,181
290,186
286,192
282,197
278,202
275,207
271,211
268,216
265,219
263,222
260,224
259,226
258,227
257,228
256,229
256,230
252,234
168,217
156,217
154,217
152,217
149,218
147,219
140,221
136,223
133,225
130,225
127,228
120,231
113,235
107,240
100,245
92,249
85,255
79,260
73,265
68,269
64,273
60,277
58,278
56,281
56,282
55,284
54,285
54,286
54,287
54,289
55,290
55,291
56,292
56,293
58,293
60,294
61,294
63,295
65,295
68,296
71,296
73,295
76,295
79,294
82,294
86,293
89,293
93,291
97,290
105,288
113,285
121,282
133,279
145,276
156,273
166,270
169,270
173,269
176,269
180,269
182,268
185,268
188,268
191,268
193,268
196,268
198,269
200,269
202,269
204,270
205,270
207,271
208,272
209,273
210,273
211,274
212,275
212,277
213,277
214,279
215,281
215,284
216,286
216,289
216,292
216,295
216,301
216,305
215,309
215,313
215,317
214,325
214,329
213,332
213,336
213,339
213,346
213,349
213,353
214,355
214,358
215,361
215,364
216,366
216,368
216,369
217,371
218,372
218,373
219,374
220,375
220,376
221,377
222,377
223,378
224,378
224,379
225,379
227,379
228,379
230,379
231,378
232,378
233,377
234,377
235,376
236,375
237,373
238,372
239,371
240,369
241,366
242,364
244,361
245,356
247,350
249,345
251,338
252,331
254,324
255,316
256,309
257,303
257,300
258,297
258,294
259,293
259,292
259,291
259,290
259,289
260,289
260,290
262,291
263,292
265,293
268,295
271,297
275,298
280,301
284,304
291,306
297,308
304,310
307,311
310,312
314,313
317,313
320,313
324,314
327,314
330,315
332,315
336,315
340,315
343,314
345,314
347,314
349,313
351,313
352,313
354,313
356,312
358,311
360,310
361,309
363,309
364,309
364,308
365,307
366,307
366,306
367,305
367,304
367,303
366,302
365,301
363,299
360,297
356,293
350,289
344,285
336,281
328,277
320,273
312,269
304,265
296,262
288,259
280,256
273,253
267,250
261,248
256,245
252,243
248,242
247,241
244,240
244,239
243,239
242,239
242,238
241,237
240,237
END
BEGIN
183,254
173,269
170,277
167,285
163,293
160,301
156,310
153,319
151,328
150,332
149,336
148,340
148,343
148,346
147,349
147,352
147,354
148,356
148,358
148,360
148,361
149,361
149,362
150,363
151,364
152,365
153,365
154,365
155,365
156,365
157,365
158,365
160,364
162,362
165,361
168,359
170,357
173,354
176,351
179,347
180,344
183,341
187,333
192,325
196,317
201,309
206,301
210,293
214,286
217,281
220,276
221,273
223,271
224,269
224,268
225,268
225,267
226,267
227,267
227,268
228,268
228,269
230,271
232,273
234,276
236,280
240,285
244,290
249,296
255,301
260,306
267,311
274,316
280,320
286,323
292,326
299,329
304,331
309,333
312,334
316,335
317,335
318,336
320,336
321,336
322,336
323,336
324,335
324,334
323,333
323,331
321,329
319,321
315,308
312,298
310,289
308,286
308,283
305,277
303,273
302,270
300,268
300,266
299,265
298,263
298,261
296,260
296,258
294,257
292,254
291,252
288,249
286,247
284,245
280,243
278,241
276,240
275,239
273,238
272,237
271,237
270,236
269,236
268,235
269,235
270,235
270,234
272,234
275,233
277,232
279,231
281,229
284,227
290,222
296,217
304,211
314,201
324,190
333,180
343,170
352,160
361,149
370,140
379,130
386,123
390,118
393,114
396,112
397,110
398,109
399,109
399,108
399,109
398,109
397,109
396,109
394,109
393,109
392,109
390,110
388,110
387,110
384,112
380,113
379,113
377,113
372,114
368,115
366,117
360,118
354,121
348,123
340,125
332,129
324,133
316,136
308,140
296,145
289,150
282,154
276,157
268,161
263,163
258,165
253,167
251,168
249,169
248,169
247,169
246,170
245,170
244,170
244,171
244,170
244,169
244,168
244,165
244,161
244,158
244,156
244,152
243,148
242,144
242,139
240,131
240,127
238,123
237,119
236,115
233,108
231,101
228,93
225,87
222,81
218,76
214,69
210,64
205,59
201,54
198,50
195,45
191,42
188,40
186,37
184,36
183,34
182,33
181,33
180,33
179,33
179,35
179,37
180,41
180,47
180,53
180,61
180,70
179,75
179,80
179,85
178,89
178,94
177,99
176,108
176,117
175,125
173,133
172,141
171,148
170,153
169,158
168,161
168,164
168,165
168,167
168,168
168,169
168,170
168,171
167,171
167,172
166,172
165,172
164,173
162,173
159,175
153,177
146,182
135,188
120,197
105,205
92,213
81,221
72,227
62,233
53,239
48,243
43,246
39,249
34,253
31,255
29,256
28,257
27,257
26,257
26,258
27,258
28,258
29,258
32,258
35,258
37,259
40,259
46,259
48,259
52,260
58,260
61,260
65,261
72,261
75,262
79,262
86,263
89,263
93,264
96,264
100,264
104,264
108,264
116,265
123,265
130,265
137,265
144,265
150,265
155,265
160,265
162,265
164,265
167,265
168,265
169,265
170,265
171,265
171,264
172,264
172,263
173,262
175,261
176,260
END
BEGIN
193,225
205,217
211,212
219,206
224,201
231,197
236,192
242,188
248,183
253,180
259,176
264,173
268,169
272,168
273,166
275,165
276,165
277,165
278,165
277,165
276,164
275,164
273,164
271,164
269,164
264,163
258,163
251,162
247,162
242,162
234,161
230,161
226,161
222,161
218,160
212,159
210,159
208,158
205,158
204,158
202,158
200,158
198,157
195,157
192,157
190,157
189,157
188,157
187,157
186,156
185,156
184,156
183,156
182,156
181,156
180,156
180,155
180,154
179,153
178,152
176,146
175,143
173,138
171,130
168,121
165,112
162,101
159,91
156,81
152,70
150,61
148,57
147,53
146,50
145,49
144,46
144,45
144,44
143,43
143,44
142,45
142,49
141,53
140,59
140,66
138,75
136,84
135,93
132,103
132,107
131,110
128,117
127,123
125,129
124,134
122,139
121,141
120,144
120,145
120,147
120,148
120,149
119,150
119,151
119,152
118,153
117,153
116,154
114,156
111,158
105,161
100,165
92,169
84,173
80,176
78,177
75,180
72,181
70,182
69,183
67,185
66,185
65,185
64,185
64,186
63,186
62,187
61,187
61,188
60,188
60,189
61,189
61,190
62,191
63,192
64,193
65,196
68,199
71,202
73,206
76,210
80,215
82,218
84,221
85,225
88,228
89,231
92,236
93,239
96,243
96,245
99,248
100,250
101,252
103,254
104,257
105,258
105,259
106,260
106,261
107,261
108,261
108,262
108,263
108,264
109,264
109,265
110,265
111,265
111,266
112,266
113,266
114,266
115,266
116,266
116,267
116,268
116,269
116,271
115,273
115,274
115,275
115,277
114,278
114,280
113,285
112,292
110,299
108,306
106,315
104,323
100,331
99,337
98,341
97,341
97,343
96,346
96,347
96,348
96,349
96,352
96,353
96,354
96,355
96,356
95,357
95,358
95,359
95,360
95,361
96,361
97,361
97,360
98,360
99,359
100,358
100,357
104,355
108,351
114,345
120,337
128,328
136,317
145,307
154,297
161,287
166,281
170,276
174,271
176,268
178,266
180,265
180,263
181,262
182,262
183,261
184,261
184,262
183,262
183,263
184,264
184,265
186,266
188,268
190,269
192,270
193,271
198,274
201,276
205,277
211,280
216,282
223,285
228,287
234,289
240,292
245,295
251,297
256,300
260,302
265,305
269,307
272,309
275,309
278,311
280,312
282,313
284,313
286,313
287,314
288,314
288,313
287,313
287,312
285,310
284,309
282,306
280,303
278,300
276,296
272,292
271,289
268,287
264,283
260,279
255,275
251,271
246,267
241,263
236,259
231,255
227,251
222,247
218,243
213,239
209,235
205,232
203,229
200,227
199,225
196,223
196,221
194,219
194,218
193,217
192,216
192,215
192,214
192,213
193,213
193,212
194,211
195,211
196,210
196,209
END
BEGIN
143,247
137,259
129,273
126,279
123,285
119,292
116,299
112,305
108,311
105,317
102,322
100,327
98,332
96,334
96,336
96,337
96,339
96,341
96,342
96,343
96,344
96,345
97,345
97,346
98,347
99,347
100,348
103,348
104,348
104,347
105,346
107,346
108,345
110,344
111,343
112,341
116,337
120,333
124,328
129,321
133,316
136,311
140,306
143,302
146,298
149,294
152,293
154,289
156,287
159,284
160,281
162,279
164,277
165,276
165,275
166,275
166,274
167,274
167,273
168,273
168,272
169,272
169,271
170,271
171,271
172,271
173,271
174,272
175,272
176,272
178,273
179,273
180,273
182,274
184,275
187,277
191,278
193,280
197,282
200,284
201,285
202,285
204,287
207,289
209,290
212,292
216,295
219,297
221,299
224,301
228,303
231,305
233,307
236,309
239,311
242,313
244,314
248,316
251,317
254,319
255,320
257,321
260,322
260,323
261,323
262,323
263,324
264,324
265,324
265,325
266,325
267,325
268,325
268,324
268,323
268,322
268,321
268,320
268,319
267,318
266,317
265,315
264,313
263,311
260,307
257,304
256,301
253,299
252,297
249,294
246,290
244,288
240,285
238,282
234,277
231,274
228,271
226,269
224,266
220,262
218,261
216,258
213,256
211,253
209,252
207,249
206,249
205,249
205,248
204,248
204,247
203,246
203,245
202,245
201,245
201,244
200,244
200,243
200,242
199,242
199,241
198,241
198,240
197,240
197,239
198,238
199,238
200,237
202,237
204,236
206,235
208,233
213,231
220,229
228,225
238,221
248,216
258,211
268,206
278,201
286,197
292,193
297,190
302,187
308,184
312,181
315,178
316,177
318,176
319,175
319,174
320,174
320,173
320,172
320,171
319,171
318,170
317,169
316,169
312,168
309,166
305,165
300,164
296,162
294,162
292,161
290,161
288,161
287,161
285,161
284,161
280,161
278,161
276,161
274,161
272,161
268,161
265,161
261,161
258,161
255,161
249,161
245,161
241,161
237,161
235,161
232,161
228,161
224,161
221,160
218,160
215,160
211,159
208,159
207,159
204,159
203,159
201,159
200,159
199,159
198,159
197,159
196,159
195,159
194,159
193,159
193,158
192,158
191,158
190,158
190,157
189,157
188,156
188,155
187,154
186,153
184,152
184,150
181,148
179,144
176,140
172,135
168,129
165,124
161,118
159,113
155,106
152,101
150,96
148,92
145,87
144,82
142,78
140,73
138,69
136,65
134,62
132,60
131,57
129,54
128,52
126,49
125,49
124,46
123,45
122,45
121,44
121,43
120,42
120,41
119,41
118,41
118,40
117,40
117,39
116,39
116,40
115,41
115,42
114,43
114,44
114,45
114,47
113,48
113,52
112,54
112,57
112,59
112,61
112,66
112,68
112,69
112,73
112,76
112,79
112,81
112,85
112,87
112,89
112,93
113,95
113,98
114,101
114,104
114,106
115,109
115,112
116,114
116,117
116,119
116,120
116,124
116,126
116,127
116,129
117,129
117,131
117,133
117,135
117,137
117,138
118,140
118,141
118,143
118,145
118,146
118,148
118,149
118,150
118,152
118,153
118,154
118,155
118,156
118,157
118,158
118,159
118,160
118,161
118,162
117,162
117,163
117,164
116,164
116,165
115,166
114,167
112,169
110,170
107,172
104,173
99,177
92,181
84,185
76,190
68,195
60,199
53,203
49,205
48,207
46,208
44,209
43,210
42,210
41,211
40,211
40,212
39,213
38,213
37,213
37,214
36,214
36,215
36,216
35,216
35,217
34,217
33,218
33,219
33,220
33,221
34,221
35,221
35,222
36,223
36,224
37,225
38,225
40,227
42,229
44,229
45,230
47,232
48,233
50,233
52,235
53,236
56,237
57,238
60,240
64,241
67,242
69,244
72,245
74,245
76,246
77,246
78,246
80,247
81,248
84,249
86,249
88,249
92,250
94,251
97,252
100,253
102,253
104,253
108,253
110,254
112,254
115,254
117,255
120,255
122,256
125,256
127,256
128,256
129,257
131,257
132,257
133,257
134,257
135,257
136,257
137,257
138,257
139,257
END
