four_point_star
BEGIN
158,13
158,25
158,28
158,31
158,34
158,37
159,41
159,46
159,52
160,59
160,65
160,70
160,76
160,81
160,85
159,88
159,91
159,93
158,99
157,101
157,104
156,105
156,108
155,113
154,115
153,117
152,121
151,125
149,127
148,132
145,136
144,141
142,142
140,145
139,147
137,149
134,153
130,156
127,160
123,164
119,167
113,172
108,175
104,179
100,183
94,188
88,192
83,197
77,201
71,206
65,211
59,216
53,221
48,225
44,229
41,233
40,234
38,236
37,237
36,238
35,238
35,239
34,240
33,241
32,241
33,241
34,240
35,239
36,239
38,237
41,236
46,233
52,231
59,228
67,224
75,221
83,217
92,213
100,209
104,207
110,205
115,202
120,200
122,200
124,199
126,198
128,198
129,197
130,197
132,197
134,197
136,197
138,196
139,196
140,196
143,196
145,196
148,196
148,197
150,197
152,197
153,197
154,198
156,198
156,199
157,199
159,200
159,201
160,201
161,201
164,203
166,205
168,207
171,209
172,210
176,213
178,217
180,219
183,221
184,225
186,228
188,231
190,236
191,240
192,244
194,248
196,253
198,259
200,264
202,269
204,273
206,278
208,283
209,287
211,291
212,294
212,297
213,301
214,304
215,307
216,310
216,313
217,316
218,319
219,321
219,323
220,325
220,327
220,328
220,329
220,330
220,331
221,332
221,333
222,333
148,7
152,20
153,23
154,27
156,31
157,35
159,42
160,48
162,53
164,58
165,63
167,69
168,72
169,75
171,79
172,82
173,84
175,85
177,88
179,91
181,93
184,95
186,97
190,101
193,103
196,105
200,108
205,110
210,112
215,113
221,116
227,117
230,118
232,119
236,119
238,120
244,121
250,121
253,121
256,122
259,122
262,122
268,123
273,123
276,123
279,124
283,124
287,124
292,124
296,124
300,124
303,125
305,125
308,125
309,125
310,125
311,125
312,125
313,125
312,122
298,126
294,128
290,129
286,130
282,132
278,133
271,137
268,137
266,139
263,141
260,142
256,146
253,149
250,152
248,156
245,158
243,161
241,163
240,165
237,168
236,170
235,172
234,173
233,177
232,179
229,184
228,185
228,187
227,191
225,197
224,201
224,203
223,208
222,213
221,219
220,224
220,229
219,233
218,238
218,241
217,244
217,249
217,252
216,253
216,257
216,259
216,264
216,269
216,274
216,277
217,281
217,283
217,285
218,288
218,290
219,295
219,297
219,298
220,301
220,305
220,308
221,311
222,314
223,317
224,320
224,322
225,325
226,326
227,329
228,333
229,335
231,337
232,341
233,343
235,346
END
BEGIN
155,37
160,52
161,57
163,63
164,69
166,74
168,80
170,85
172,89
174,94
176,98
179,103
181,107
183,110
184,113
185,116
187,119
188,121
188,124
189,126
191,129
191,130
192,132
192,134
192,137
193,137
193,139
193,140
193,141
193,143
193,145
193,147
193,149
192,150
191,153
189,155
187,157
185,159
182,161
180,164
176,167
172,169
169,171
165,173
158,177
149,181
138,188
127,195
116,201
105,206
96,212
91,215
85,217
80,220
76,221
74,222
72,224
71,225
69,225
68,226
67,227
66,228
65,229
65,228
65,227
65,226
66,226
67,225
68,224
68,223
69,222
154,41
160,54
162,56
163,59
164,62
165,65
168,70
169,74
172,77
174,81
176,85
179,89
181,93
184,97
186,101
188,104
191,108
193,111
196,115
199,118
202,121
205,125
207,126
209,129
212,131
216,134
219,135
221,137
227,139
228,140
229,140
236,142
238,142
241,143
245,144
248,144
252,144
255,144
262,144
265,144
269,143
273,143
276,142
280,142
284,141
292,140
300,139
303,138
306,137
313,136
320,134
328,133
335,130
343,129
350,126
356,124
362,122
366,121
369,120
371,119
372,118
373,117
374,117
375,117
374,117
373,118
371,118
368,119
369,119
57,235
70,229
78,225
85,221
93,217
101,214
109,210
117,207
126,204
137,199
145,196
153,193
161,190
165,189
169,189
172,188
176,187
179,186
182,186
185,185
188,185
192,185
195,185
197,185
200,186
202,186
204,187
207,188
209,189
211,189
212,190
216,192
219,193
223,196
227,199
228,201
230,202
234,206
237,210
240,215
244,220
247,225
251,232
254,238
257,245
260,252
263,258
265,265
267,270
268,276
270,281
271,284
272,286
272,288
273,290
273,291
273,292
274,292
274,293
275,293
276,293
368,125
351,131
344,133
339,135
333,137
328,140
321,143
316,146
310,149
306,153
302,156
298,159
294,161
290,165
288,166
285,169
284,170
283,171
280,173
280,175
280,176
278,178
276,181
276,185
274,189
273,191
272,193
272,201
271,204
270,208
270,210
269,213
268,220
268,226
267,232
266,238
265,245
264,252
264,259
264,262
263,265
263,272
263,275
263,278
263,284
263,289
263,292
263,295
264,297
264,300
264,305
264,309
265,311
265,313
266,317
266,319
266,321
267,322
267,324
268,325
268,327
268,328
268,329
268,330
268,331
269,332
269,333
270,333
END
BEGIN
186,18
187,33
187,37
188,40
188,42
188,45
188,47
188,49
188,53
188,58
188,65
188,71
188,77
188,83
188,89
188,96
188,101
188,107
188,113
188,119
188,124
188,127
188,129
188,133
188,135
187,138
187,141
186,143
186,145
185,148
185,150
184,152
184,154
183,158
181,162
180,167
178,171
176,176
174,180
172,185
171,189
170,192
169,193
168,195
167,197
166,198
165,200
164,201
160,205
158,207
156,210
153,213
152,214
149,216
147,218
144,220
142,221
139,223
136,225
135,225
134,225
133,225
132,225
132,226
131,227
130,227
129,227
128,227
128,228
127,228
126,228
125,229
124,229
123,229
122,229
121,229
121,230
120,230
119,231
118,231
118,232
117,232
116,233
115,233
114,233
113,233
113,234
112,234
112,235
111,235
110,235
109,236
108,236
108,237
107,237
106,237
105,237
104,238
103,239
102,239
101,240
100,240
100,241
99,241
98,241
97,241
96,242
95,242
94,243
93,243
94,243
96,242
99,242
102,241
103,241
104,241
105,241
107,240
109,240
113,239
115,239
116,239
119,239
121,239
122,239
123,239
124,239
125,239
127,239
128,240
129,240
131,240
132,241
135,241
137,242
140,244
141,245
143,245
144,247
146,248
148,249
149,250
151,252
152,253
153,255
155,256
156,257
158,261
159,262
160,264
160,265
161,266
162,268
163,269
164,271
164,272
164,273
165,276
166,278
167,281
168,285
168,287
169,289
170,292
170,295
171,297
172,301
172,303
172,306
173,309
173,312
174,317
174,320
175,323
175,326
176,328
176,330
176,334
176,337
177,341
177,344
178,347
178,350
179,353
179,355
179,356
180,357
180,360
180,362
180,365
181,367
181,369
181,370
182,372
182,373
182,374
182,375
182,377
183,378
183,380
183,381
183,382
183,383
183,384
184,385
184,386
184,387
184,388
184,389
184,390
184,391
184,392
184,393
184,394
184,395
184,394
184,393
184,392
184,390
184,389
184,386
184,385
185,381
185,378
185,376
186,370
186,365
186,361
187,359
187,356
188,353
188,350
188,348
188,346
188,345
188,344
189,343
189,341
190,338
190,333
192,329
192,325
192,323
193,321
193,318
195,313
196,308
196,305
197,304
197,303
199,300
200,297
201,294
204,289
205,287
206,286
207,284
208,283
209,281
212,277
215,272
216,270
217,269
219,266
220,265
221,265
225,261
229,257
232,253
234,253
236,251
238,249
241,247
246,245
249,243
252,242
255,241
257,240
260,238
263,237
264,237
265,237
268,236
270,235
272,235
275,234
277,233
279,233
280,233
281,233
282,233
283,232
284,232
285,232
286,232
286,231
287,231
288,231
289,231
290,231
290,230
289,230
288,230
288,229
287,229
286,229
285,229
283,229
280,229
277,229
273,229
272,229
269,228
264,228
264,227
262,227
260,227
259,226
256,225
253,225
248,224
247,223
245,222
242,221
239,219
236,218
233,217
230,215
227,213
224,211
221,209
219,206
214,203
211,200
208,197
206,193
204,190
201,186
200,183
197,180
196,176
195,174
194,172
193,167
191,161
189,156
188,152
187,148
187,145
185,141
185,139
184,137
184,131
183,126
183,123
182,121
182,117
181,113
181,111
181,109
181,105
180,102
180,99
180,96
180,93
180,90
180,85
180,80
180,75
180,73
180,70
180,65
181,63
181,61
182,56
182,51
183,46
184,41
184,37
184,36
184,34
184,33
184,31
185,28
185,25
186,25
186,23
186,22
186,21
186,20
186,19
186,18
186,17
186,16
187,16
187,15
END
BEGIN
32,230
45,229
48,229
52,229
54,229
56,229
64,228
69,227
75,226
78,225
88,224
93,222
99,221
104,221
110,219
116,217
122,217
128,215
133,213
139,211
144,209
150,207
152,206
155,205
157,203
160,202
164,199
170,196
174,193
179,190
182,187
185,185
188,181
190,180
192,177
194,174
196,172
198,169
200,166
202,163
203,161
204,158
205,157
207,155
207,154
207,153
208,153
208,152
208,151
209,150
209,149
210,149
211,149
211,150
211,151
212,153
212,154
212,155
213,158
213,160
213,161
214,161
214,162
215,163
215,164
216,165
216,167
217,169
219,169
220,171
223,174
225,177
228,178
230,180
232,181
236,184
238,185
240,186
244,188
248,189
252,191
254,192
257,193
260,194
265,196
269,197
273,197
277,199
281,200
292,201
297,203
303,204
307,204
310,205
316,205
322,206
327,206
332,207
334,207
338,207
341,208
345,208
349,208
353,209
355,209
358,209
360,209
362,209
364,209
367,209
368,209
370,209
372,210
373,210
374,210
375,210
376,210
377,210
378,210
379,210
380,210
380,211
381,211
382,211
383,211
384,211
385,211
384,211
383,211
381,211
380,211
378,210
376,210
373,210
371,209
368,209
367,209
364,209
363,209
360,209
356,209
349,209
343,209
340,209
337,208
336,208
332,208
327,208
320,208
314,208
308,208
306,208
304,207
300,207
294,207
287,207
283,207
280,207
279,207
277,207
276,207
274,207
269,207
263,208
257,208
255,208
253,208
252,208
252,209
251,209
250,209
249,209
248,209
246,209
245,209
244,209
241,209
238,210
234,211
233,211
232,212
230,212
229,213
228,213
227,213
224,214
221,216
220,216
220,217
219,217
218,217
217,218
216,218
216,219
215,219
214,220
213,220
213,221
212,221
211,221
211,222
210,223
209,224
208,225
208,226
207,227
206,228
205,229
204,230
204,231
204,232
203,232
203,233
202,233
201,233
200,233
199,233
199,232
198,231
197,230
196,229
195,227
192,225
188,222
185,220
183,218
180,217
176,215
172,213
171,213
166,211
163,210
160,209
157,209
156,209
154,209
153,209
152,209
147,208
144,207
140,207
136,207
132,207
130,207
128,207
126,208
122,208
119,208
116,209
112,209
108,209
104,210
101,211
99,211
98,212
97,212
94,212
92,213
89,213
86,214
83,215
79,217
77,217
76,217
75,217
75,218
74,218
72,218
72,219
67,221
62,222
57,225
54,225
53,226
52,226
52,227
51,227
50,227
49,228
48,228
48,229
47,229
46,229
45,229
44,229
44,230
43,230
42,231
41,231
40,232
41,233
END
BEGIN
151,37
147,51
144,59
143,66
141,75
138,89
135,105
129,130
124,156
120,181
116,204
113,225
110,247
106,268
104,288
103,297
102,307
101,315
101,322
100,332
100,336
144,37
158,45
166,49
173,53
181,57
190,62
202,69
215,75
227,83
240,90
253,98
273,109
292,121
308,129
320,137
332,144
339,149
345,153
352,160
358,166
364,172
368,177
369,178
30,199
47,185
59,177
76,163
105,142
132,123
157,106
179,91
200,77
222,65
244,54
264,45
280,37
292,32
300,29
303,28
32,201
46,198
55,196
64,193
73,191
88,188
95,186
103,185
119,182
135,180
148,178
160,177
184,175
195,173
206,173
216,173
226,173
236,173
246,173
255,174
264,175
272,177
280,178
288,181
295,183
309,188
322,193
334,198
345,204
351,207
356,211
363,217
368,220
370,221
292,37
284,48
278,56
268,68
255,86
234,114
215,139
198,161
182,181
166,203
150,225
135,248
121,269
110,289
100,308
92,325
85,341
81,354
79,360
78,366
76,373
76,378
76,384
77,389
78,394
79,400
79,403
79,407
79,408
79,409
END
